Td 	 Time	ELECTRICITY	GASOLINE	DIESEL	BIOETHANOL	BIODIESEL	LFO	NG	SLF	SNG	WET_BIOMASS	COAL	URANIUM	WASTE	H2	ELEC_EXPORT	CO2_EMISSIONS	RES_WIND	RES_SOLAR	RES_HYDRO	RES_GEO	CO2_ATM	CO2_INDUSTRY	CO2_CAPTURED	WOOD	WOOD1	WOOD2	WOOD3	WOOD4	WOOD5	WOOD6	WOOD7	WOOD8	WOOD9	WOOD10	NUCLEAR	CCGT	COAL_US	COAL_IGCC	PV	WIND_ONSHORE	WIND_OFFSHORE	HYDRO_RIVER	GEOTHERMAL	Biomass_power_only	IND_COGEN_GAS	IND_COGEN_WOOD	IND_COGEN_WASTE	IND_BOILER_GAS	IND_BOILER_WOOD	IND_BOILER_OIL	IND_BOILER_COAL	IND_BOILER_WASTE	IND_DIRECT_ELEC	DHN_HP_ELEC	DHN_COGEN_GAS	DHN_COGEN_WOOD	DHN_COGEN_WET_BIOMASS	DHN_COGEN_BIO_HYDROLYSIS	DHN_COGEN_WASTE	DHN_BOILER_GAS	DHN_BOILER_WOOD	DHN_BOILER_OIL	DHN_DEEP_GEO	DHN_SOLAR	DEC_HP_ELEC	DEC_THHP_GAS	DEC_COGEN_GAS	DEC_COGEN_OIL	DEC_ADVCOGEN_GAS	DEC_ADVCOGEN_H2	DEC_BOILER_GAS	DEC_BOILER_WOOD	DEC_BOILER_OIL	DEC_SOLAR	DEC_DIRECT_ELEC	TRAMWAY_TROLLEY	BUS_COACH_DIESEL	BUS_COACH_HYDIESEL	BUS_COACH_CNG_STOICH	BUS_COACH_FC_HYBRIDH2	TRAIN_PUB	CAR_GASOLINE	CAR_DIESEL	CAR_NG	CAR_HEV	CAR_PHEV	CAR_BEV	CAR_FUEL_CELL	TRAIN_FREIGHT	BOAT_FREIGHT_DIESEL	BOAT_FREIGHT_NG	TRUCK_DIESEL	TRUCK_FUEL_CELL	TRUCK_NG	TRUCK_ELEC	NON_ENERGY_NG	NON_ENERGY_OIL	EFFICIENCY	DHN	GRID	MOTORWAYS	ROADS	RAILWAYS	H2_ELECTROLYSIS	H2_NG	H2_BIOMASS	GASIFICATION_SNG	PYROLYSIS	ATM_CCS	INDUSTRY_CCS	SYN_METHANOLATION	SYN_METHANATION	BIOMETHANATION	BIO_HYDROLYSIS	METHANE_TO_METHANOL	SLF_TO_DIESEL	SLF_TO_GASOLINE	SLF_TO_LFO	SLF_biomass_gasif	SLF_biomass_gasif_H2	SLF_pyrolysis_upgrade_2	SLF_pyrolysis_upgrade_2b	Cellulosic_ethanol	GASIFICATION_SNG_H2	PHS_Pin	PHS_Pout	BATT_LI_Pin	BATT_LI_Pout	BEV_BATT_Pin	BEV_BATT_Pout	PHEV_BATT_Pin	PHEV_BATT_Pout	TS_DEC_HP_ELEC_Pin	TS_DEC_HP_ELEC_Pout	TS_DEC_DIRECT_ELEC_Pin	TS_DEC_DIRECT_ELEC_Pout	TS_DHN_DAILY_Pin	TS_DHN_DAILY_Pout	TS_DHN_SEASONAL_Pin	TS_DHN_SEASONAL_Pout	TS_DEC_THHP_GAS_Pin	TS_DEC_THHP_GAS_Pout	TS_DEC_COGEN_GAS_Pin	TS_DEC_COGEN_GAS_Pout	TS_DEC_COGEN_OIL_Pin	TS_DEC_COGEN_OIL_Pout	TS_DEC_ADVCOGEN_GAS_Pin	TS_DEC_ADVCOGEN_GAS_Pout	TS_DEC_ADVCOGEN_H2_Pin	TS_DEC_ADVCOGEN_H2_Pout	TS_DEC_BOILER_GAS_Pin	TS_DEC_BOILER_GAS_Pout	TS_DEC_BOILER_WOOD_Pin	TS_DEC_BOILER_WOOD_Pout	TS_DEC_BOILER_OIL_Pin	TS_DEC_BOILER_OIL_Pout	TS_HIGH_TEMP_Pin	TS_HIGH_TEMP_Pout	SEASONAL_NG_Pin	SEASONAL_NG_Pout	SEASONAL_H2_Pin	SEASONAL_H2_Pout	CO2_STORAGE_Pin	CO2_STORAGE_Pout	SLF_STO_Pin	SLF_STO_Pout	END_USE	
 1 	 1						9.836057																																																																																											-9.836057																					0.000000																																																	0.000000	
 1 	 2						9.836057																																																																																											-9.836057																					0.000000																																																	0.000000	
 1 	 3						9.836057																																																																																											-9.836057																					0.000000																																																	0.000000	
 1 	 4						9.836057																																																																																											-9.836057																					0.000000																																																	0.000000	
 1 	 5						9.836057																																																																																											-9.836057																					0.000000																																																	0.000000	
 1 	 6						9.836057																																																																																											-9.836057																					0.000000																																																	0.000000	
 1 	 7						9.836057																																																																																											-9.836057																					0.000000																																																	0.000000	
 1 	 8						9.836057																																																																																											-9.836057																					0.000000																																																	0.000000	
 1 	 9						9.836057																																																																																											-9.836057																					0.000000																																																	0.000000	
 1 	 10						9.836057																																																																																											-9.836057																					0.000000																																																	0.000000	
 1 	 11						9.836057																																																																																											-9.836057																					0.000000																																																	0.000000	
 1 	 12						9.836057																																																																																											-9.836057																					0.000000																																																	0.000000	
 1 	 13						9.836057																																																																																											-9.836057																					0.000000																																																	0.000000	
 1 	 14						9.836057																																																																																											-9.836057																					0.000000																																																	0.000000	
 1 	 15						9.836057																																																																																											-9.836057																					0.000000																																																	0.000000	
 1 	 16						9.836057																																																																																											-9.836057																					0.000000																																																	0.000000	
 1 	 17						9.836057																																																																																											-9.836057																					0.000000																																																	0.000000	
 1 	 18						9.836057																																																																																											-9.836057																					0.000000																																																	0.000000	
 1 	 19						9.836057																																																																																											-9.836057																					0.000000																																																	0.000000	
 1 	 20						9.836057																																																																																											-9.836057																					0.000000																																																	0.000000	
 1 	 21						9.836057																																																																																											-9.836057																					0.000000																																																	0.000000	
 1 	 22						9.836057																																																																																											-9.836057																					0.000000																																																	0.000000	
 1 	 23						9.836057																																																																																											-9.836057																					0.000000																																																	0.000000	
 1 	 24						9.836057																																																																																											-9.836057																					0.000000																																																	0.000000	
 2 	 1						9.836057																																																																																											-9.836057																					0.000000																																																	0.000000	
 2 	 2						9.836057																																																																																											-9.836057																					0.000000																																																	0.000000	
 2 	 3						9.836057																																																																																											-9.836057																					0.000000																																																	0.000000	
 2 	 4						9.836057																																																																																											-9.836057																					0.000000																																																	0.000000	
 2 	 5						9.836057																																																																																											-9.836057																					0.000000																																																	0.000000	
 2 	 6						9.836057																																																																																											-9.836057																					0.000000																																																	0.000000	
 2 	 7						9.836057																																																																																											-9.836057																					0.000000																																																	0.000000	
 2 	 8						9.836057																																																																																											-9.836057																					0.000000																																																	0.000000	
 2 	 9						9.836057																																																																																											-9.836057																					0.000000																																																	0.000000	
 2 	 10						9.836057																																																																																											-9.836057																					0.000000																																																	0.000000	
 2 	 11						9.836057																																																																																											-9.836057																					0.000000																																																	0.000000	
 2 	 12						9.836057																																																																																											-9.836057																					0.000000																																																	0.000000	
 2 	 13						9.836057																																																																																											-9.836057																					0.000000																																																	0.000000	
 2 	 14						9.836057																																																																																											-9.836057																					0.000000																																																	0.000000	
 2 	 15						9.836057																																																																																											-9.836057																					0.000000																																																	0.000000	
 2 	 16						9.836057																																																																																											-9.836057																					0.000000																																																	0.000000	
 2 	 17						9.836057																																																																																											-9.836057																					0.000000																																																	0.000000	
 2 	 18						9.836057																																																																																											-9.836057																					0.000000																																																	0.000000	
 2 	 19						9.836057																																																																																											-9.836057																					0.000000																																																	0.000000	
 2 	 20						9.836057																																																																																											-9.836057																					0.000000																																																	0.000000	
 2 	 21						9.836057																																																																																											-9.836057																					0.000000																																																	0.000000	
 2 	 22						9.836057																																																																																											-9.836057																					0.000000																																																	0.000000	
 2 	 23						9.836057																																																																																											-9.836057																					0.000000																																																	0.000000	
 2 	 24						9.836057																																																																																											-9.836057																					0.000000																																																	0.000000	
 3 	 1						9.836057																																																																																											-9.836057																					0.000000																																																	0.000000	
 3 	 2						9.836057																																																																																											-9.836057																					0.000000																																																	0.000000	
 3 	 3						9.836057																																																																																											-9.836057																					0.000000																																																	0.000000	
 3 	 4						9.836057																																																																																											-9.836057																					0.000000																																																	0.000000	
 3 	 5						9.836057																																																																																											-9.836057																					0.000000																																																	0.000000	
 3 	 6						9.836057																																																																																											-9.836057																					0.000000																																																	0.000000	
 3 	 7						9.836057																																																																																											-9.836057																					0.000000																																																	0.000000	
 3 	 8						9.836057																																																																																											-9.836057																					0.000000																																																	0.000000	
 3 	 9						9.836057																																																																																											-9.836057																					0.000000																																																	0.000000	
 3 	 10						9.836057																																																																																											-9.836057																					0.000000																																																	0.000000	
 3 	 11						9.836057																																																																																											-9.836057																					0.000000																																																	0.000000	
 3 	 12						9.836057																																																																																											-9.836057																					0.000000																																																	0.000000	
 3 	 13						9.836057																																																																																											-9.836057																					0.000000																																																	0.000000	
 3 	 14						9.836057																																																																																											-9.836057																					0.000000																																																	0.000000	
 3 	 15						9.836057																																																																																											-9.836057																					0.000000																																																	0.000000	
 3 	 16						9.836057																																																																																											-9.836057																					0.000000																																																	0.000000	
 3 	 17						9.836057																																																																																											-9.836057																					0.000000																																																	0.000000	
 3 	 18						9.836057																																																																																											-9.836057																					0.000000																																																	0.000000	
 3 	 19						9.836057																																																																																											-9.836057																					0.000000																																																	0.000000	
 3 	 20						9.836057																																																																																											-9.836057																					0.000000																																																	0.000000	
 3 	 21						9.836057																																																																																											-9.836057																					0.000000																																																	0.000000	
 3 	 22						9.836057																																																																																											-9.836057																					0.000000																																																	0.000000	
 3 	 23						9.836057																																																																																											-9.836057																					0.000000																																																	0.000000	
 3 	 24						9.836057																																																																																											-9.836057																					0.000000																																																	0.000000	
 4 	 1						9.836057																																																																																											-9.836057																					0.000000																																																	0.000000	
 4 	 2						9.836057																																																																																											-9.836057																					0.000000																																																	0.000000	
 4 	 3						9.836057																																																																																											-9.836057																					0.000000																																																	0.000000	
 4 	 4						9.836057																																																																																											-9.836057																					0.000000																																																	0.000000	
 4 	 5						9.836057																																																																																											-9.836057																					0.000000																																																	0.000000	
 4 	 6						9.836057																																																																																											-9.836057																					0.000000																																																	0.000000	
 4 	 7						9.836057																																																																																											-9.836057																					0.000000																																																	0.000000	
 4 	 8						9.836057																																																																																											-9.836057																					0.000000																																																	0.000000	
 4 	 9						9.836057																																																																																											-9.836057																					0.000000																																																	0.000000	
 4 	 10						9.836057																																																																																											-9.836057																					0.000000																																																	0.000000	
 4 	 11						9.836057																																																																																											-9.836057																					0.000000																																																	0.000000	
 4 	 12						9.836057																																																																																											-9.836057																					0.000000																																																	0.000000	
 4 	 13						9.836057																																																																																											-9.836057																					0.000000																																																	0.000000	
 4 	 14						9.836057																																																																																											-9.836057																					0.000000																																																	0.000000	
 4 	 15						9.836057																																																																																											-9.836057																					0.000000																																																	0.000000	
 4 	 16						9.836057																																																																																											-9.836057																					0.000000																																																	0.000000	
 4 	 17						9.836057																																																																																											-9.836057																					0.000000																																																	0.000000	
 4 	 18						9.836057																																																																																											-9.836057																					0.000000																																																	0.000000	
 4 	 19						9.836057																																																																																											-9.836057																					0.000000																																																	0.000000	
 4 	 20						9.836057																																																																																											-9.836057																					0.000000																																																	0.000000	
 4 	 21						9.836057																																																																																											-9.836057																					0.000000																																																	0.000000	
 4 	 22						9.836057																																																																																											-9.836057																					0.000000																																																	0.000000	
 4 	 23						9.836057																																																																																											-9.836057																					0.000000																																																	0.000000	
 4 	 24						9.836057																																																																																											-9.836057																					0.000000																																																	0.000000	
 5 	 1						9.836057																																																																																											-9.836057																					0.000000																																																	0.000000	
 5 	 2						9.836057																																																																																											-9.836057																					0.000000																																																	0.000000	
 5 	 3						9.836057																																																																																											-9.836057																					0.000000																																																	0.000000	
 5 	 4						9.836057																																																																																											-9.836057																					0.000000																																																	0.000000	
 5 	 5						9.836057																																																																																											-9.836057																					0.000000																																																	0.000000	
 5 	 6						9.836057																																																																																											-9.836057																					0.000000																																																	0.000000	
 5 	 7						9.836057																																																																																											-9.836057																					0.000000																																																	0.000000	
 5 	 8						9.836057																																																																																											-9.836057																					0.000000																																																	0.000000	
 5 	 9						9.836057																																																																																											-9.836057																					0.000000																																																	0.000000	
 5 	 10						9.836057																																																																																											-9.836057																					0.000000																																																	0.000000	
 5 	 11						9.836057																																																																																											-9.836057																					0.000000																																																	0.000000	
 5 	 12						9.836057																																																																																											-9.836057																					0.000000																																																	0.000000	
 5 	 13						9.836057																																																																																											-9.836057																					0.000000																																																	0.000000	
 5 	 14						9.836057																																																																																											-9.836057																					0.000000																																																	0.000000	
 5 	 15						9.836057																																																																																											-9.836057																					0.000000																																																	0.000000	
 5 	 16						9.836057																																																																																											-9.836057																					0.000000																																																	0.000000	
 5 	 17						9.836057																																																																																											-9.836057																					0.000000																																																	0.000000	
 5 	 18						9.836057																																																																																											-9.836057																					0.000000																																																	0.000000	
 5 	 19						9.836057																																																																																											-9.836057																					0.000000																																																	0.000000	
 5 	 20						9.836057																																																																																											-9.836057																					0.000000																																																	0.000000	
 5 	 21						9.836057																																																																																											-9.836057																					0.000000																																																	0.000000	
 5 	 22						9.836057																																																																																											-9.836057																					0.000000																																																	0.000000	
 5 	 23						9.836057																																																																																											-9.836057																					0.000000																																																	0.000000	
 5 	 24						9.836057																																																																																											-9.836057																					0.000000																																																	0.000000	
 6 	 1						9.836057																																																																																											-9.836057																					0.000000																																																	0.000000	
 6 	 2						9.836057																																																																																											-9.836057																					0.000000																																																	0.000000	
 6 	 3						9.836057																																																																																											-9.836057																					0.000000																																																	0.000000	
 6 	 4						9.836057																																																																																											-9.836057																					0.000000																																																	0.000000	
 6 	 5						9.836057																																																																																											-9.836057																					0.000000																																																	0.000000	
 6 	 6						9.836057																																																																																											-9.836057																					0.000000																																																	0.000000	
 6 	 7						9.836057																																																																																											-9.836057																					0.000000																																																	0.000000	
 6 	 8						9.836057																																																																																											-9.836057																					0.000000																																																	0.000000	
 6 	 9						9.836057																																																																																											-9.836057																					0.000000																																																	0.000000	
 6 	 10						9.836057																																																																																											-9.836057																					0.000000																																																	0.000000	
 6 	 11						9.836057																																																																																											-9.836057																					0.000000																																																	0.000000	
 6 	 12						9.836057																																																																																											-9.836057																					0.000000																																																	0.000000	
 6 	 13						9.836057																																																																																											-9.836057																					0.000000																																																	0.000000	
 6 	 14						9.836057																																																																																											-9.836057																					0.000000																																																	0.000000	
 6 	 15						9.836057																																																																																											-9.836057																					0.000000																																																	0.000000	
 6 	 16						9.836057																																																																																											-9.836057																					0.000000																																																	0.000000	
 6 	 17						9.836057																																																																																											-9.836057																					0.000000																																																	0.000000	
 6 	 18						9.836057																																																																																											-9.836057																					0.000000																																																	0.000000	
 6 	 19						9.836057																																																																																											-9.836057																					0.000000																																																	0.000000	
 6 	 20						9.836057																																																																																											-9.836057																					0.000000																																																	0.000000	
 6 	 21						9.836057																																																																																											-9.836057																					0.000000																																																	0.000000	
 6 	 22						9.836057																																																																																											-9.836057																					0.000000																																																	0.000000	
 6 	 23						9.836057																																																																																											-9.836057																					0.000000																																																	0.000000	
 6 	 24						9.836057																																																																																											-9.836057																					0.000000																																																	0.000000	
 7 	 1						9.836057																																																																																											-9.836057																					0.000000																																																	0.000000	
 7 	 2						9.836057																																																																																											-9.836057																					0.000000																																																	0.000000	
 7 	 3						9.836057																																																																																											-9.836057																					0.000000																																																	0.000000	
 7 	 4						9.836057																																																																																											-9.836057																					0.000000																																																	0.000000	
 7 	 5						9.836057																																																																																											-9.836057																					0.000000																																																	0.000000	
 7 	 6						9.836057																																																																																											-9.836057																					0.000000																																																	0.000000	
 7 	 7						9.836057																																																																																											-9.836057																					0.000000																																																	0.000000	
 7 	 8						9.836057																																																																																											-9.836057																					0.000000																																																	0.000000	
 7 	 9						9.836057																																																																																											-9.836057																					0.000000																																																	0.000000	
 7 	 10						9.836057																																																																																											-9.836057																					0.000000																																																	0.000000	
 7 	 11						9.836057																																																																																											-9.836057																					0.000000																																																	0.000000	
 7 	 12						9.836057																																																																																											-9.836057																					0.000000																																																	0.000000	
 7 	 13						9.836057																																																																																											-9.836057																					0.000000																																																	0.000000	
 7 	 14						9.836057																																																																																											-9.836057																					0.000000																																																	0.000000	
 7 	 15						9.836057																																																																																											-9.836057																					0.000000																																																	0.000000	
 7 	 16						9.836057																																																																																											-9.836057																					0.000000																																																	0.000000	
 7 	 17						9.836057																																																																																											-9.836057																					0.000000																																																	0.000000	
 7 	 18						9.836057																																																																																											-9.836057																					0.000000																																																	0.000000	
 7 	 19						9.836057																																																																																											-9.836057																					0.000000																																																	0.000000	
 7 	 20						9.836057																																																																																											-9.836057																					0.000000																																																	0.000000	
 7 	 21						9.836057																																																																																											-9.836057																					0.000000																																																	0.000000	
 7 	 22						9.836057																																																																																											-9.836057																					0.000000																																																	0.000000	
 7 	 23						9.836057																																																																																											-9.836057																					0.000000																																																	0.000000	
 7 	 24						9.836057																																																																																											-9.836057																					0.000000																																																	0.000000	
 8 	 1						9.836057																																																																																											-9.836057																					0.000000																																																	0.000000	
 8 	 2						9.836057																																																																																											-9.836057																					0.000000																																																	0.000000	
 8 	 3						9.836057																																																																																											-9.836057																					0.000000																																																	0.000000	
 8 	 4						9.836057																																																																																											-9.836057																					0.000000																																																	0.000000	
 8 	 5						9.836057																																																																																											-9.836057																					0.000000																																																	0.000000	
 8 	 6						9.836057																																																																																											-9.836057																					0.000000																																																	0.000000	
 8 	 7						9.836057																																																																																											-9.836057																					0.000000																																																	0.000000	
 8 	 8						9.836057																																																																																											-9.836057																					0.000000																																																	0.000000	
 8 	 9						9.836057																																																																																											-9.836057																					0.000000																																																	0.000000	
 8 	 10						9.836057																																																																																											-9.836057																					0.000000																																																	0.000000	
 8 	 11						9.836057																																																																																											-9.836057																					0.000000																																																	0.000000	
 8 	 12						9.836057																																																																																											-9.836057																					0.000000																																																	0.000000	
 8 	 13						9.836057																																																																																											-9.836057																					0.000000																																																	0.000000	
 8 	 14						9.836057																																																																																											-9.836057																					0.000000																																																	0.000000	
 8 	 15						9.836057																																																																																											-9.836057																					0.000000																																																	0.000000	
 8 	 16						9.836057																																																																																											-9.836057																					0.000000																																																	0.000000	
 8 	 17						9.836057																																																																																											-9.836057																					0.000000																																																	0.000000	
 8 	 18						9.836057																																																																																											-9.836057																					0.000000																																																	0.000000	
 8 	 19						9.836057																																																																																											-9.836057																					0.000000																																																	0.000000	
 8 	 20						9.836057																																																																																											-9.836057																					0.000000																																																	0.000000	
 8 	 21						9.836057																																																																																											-9.836057																					0.000000																																																	0.000000	
 8 	 22						9.836057																																																																																											-9.836057																					0.000000																																																	0.000000	
 8 	 23						9.836057																																																																																											-9.836057																					0.000000																																																	0.000000	
 8 	 24						9.836057																																																																																											-9.836057																					0.000000																																																	0.000000	
 9 	 1						9.836057																																																																																											-9.836057																					0.000000																																																	0.000000	
 9 	 2						9.836057																																																																																											-9.836057																					0.000000																																																	0.000000	
 9 	 3						9.836057																																																																																											-9.836057																					0.000000																																																	0.000000	
 9 	 4						9.836057																																																																																											-9.836057																					0.000000																																																	0.000000	
 9 	 5						9.836057																																																																																											-9.836057																					0.000000																																																	0.000000	
 9 	 6						9.836057																																																																																											-9.836057																					0.000000																																																	0.000000	
 9 	 7						9.836057																																																																																											-9.836057																					0.000000																																																	0.000000	
 9 	 8						9.836057																																																																																											-9.836057																					0.000000																																																	0.000000	
 9 	 9						9.836057																																																																																											-9.836057																					0.000000																																																	0.000000	
 9 	 10						9.836057																																																																																											-9.836057																					0.000000																																																	0.000000	
 9 	 11						9.836057																																																																																											-9.836057																					0.000000																																																	0.000000	
 9 	 12						9.836057																																																																																											-9.836057																					0.000000																																																	0.000000	
 9 	 13						9.836057																																																																																											-9.836057																					0.000000																																																	0.000000	
 9 	 14						9.836057																																																																																											-9.836057																					0.000000																																																	0.000000	
 9 	 15						9.836057																																																																																											-9.836057																					0.000000																																																	0.000000	
 9 	 16						9.836057																																																																																											-9.836057																					0.000000																																																	0.000000	
 9 	 17						9.836057																																																																																											-9.836057																					0.000000																																																	0.000000	
 9 	 18						9.836057																																																																																											-9.836057																					0.000000																																																	0.000000	
 9 	 19						9.836057																																																																																											-9.836057																					0.000000																																																	0.000000	
 9 	 20						9.836057																																																																																											-9.836057																					0.000000																																																	0.000000	
 9 	 21						9.836057																																																																																											-9.836057																					0.000000																																																	0.000000	
 9 	 22						9.836057																																																																																											-9.836057																					0.000000																																																	0.000000	
 9 	 23						9.836057																																																																																											-9.836057																					0.000000																																																	0.000000	
 9 	 24						9.836057																																																																																											-9.836057																					0.000000																																																	0.000000	
 10 	 1						9.836057																																																																																											-9.836057																					0.000000																																																	0.000000	
 10 	 2						9.836057																																																																																											-9.836057																					0.000000																																																	0.000000	
 10 	 3						9.836057																																																																																											-9.836057																					0.000000																																																	0.000000	
 10 	 4						9.836057																																																																																											-9.836057																					0.000000																																																	0.000000	
 10 	 5						9.836057																																																																																											-9.836057																					0.000000																																																	0.000000	
 10 	 6						9.836057																																																																																											-9.836057																					0.000000																																																	0.000000	
 10 	 7						9.836057																																																																																											-9.836057																					0.000000																																																	0.000000	
 10 	 8						9.836057																																																																																											-9.836057																					0.000000																																																	0.000000	
 10 	 9						9.836057																																																																																											-9.836057																					0.000000																																																	0.000000	
 10 	 10						9.836057																																																																																											-9.836057																					0.000000																																																	0.000000	
 10 	 11						9.836057																																																																																											-9.836057																					0.000000																																																	0.000000	
 10 	 12						9.836057																																																																																											-9.836057																					0.000000																																																	0.000000	
 10 	 13						9.836057																																																																																											-9.836057																					0.000000																																																	0.000000	
 10 	 14						9.836057																																																																																											-9.836057																					0.000000																																																	0.000000	
 10 	 15						9.836057																																																																																											-9.836057																					0.000000																																																	0.000000	
 10 	 16						9.836057																																																																																											-9.836057																					0.000000																																																	0.000000	
 10 	 17						9.836057																																																																																											-9.836057																					0.000000																																																	0.000000	
 10 	 18						9.836057																																																																																											-9.836057																					0.000000																																																	0.000000	
 10 	 19						9.836057																																																																																											-9.836057																					0.000000																																																	0.000000	
 10 	 20						9.836057																																																																																											-9.836057																					0.000000																																																	0.000000	
 10 	 21						9.836057																																																																																											-9.836057																					0.000000																																																	0.000000	
 10 	 22						9.836057																																																																																											-9.836057																					0.000000																																																	0.000000	
 10 	 23						9.836057																																																																																											-9.836057																					0.000000																																																	0.000000	
 10 	 24						9.836057																																																																																											-9.836057																					0.000000																																																	0.000000	
 11 	 1						9.836057																																																																																											-9.836057																					0.000000																																																	0.000000	
 11 	 2						9.836057																																																																																											-9.836057																					0.000000																																																	0.000000	
 11 	 3						9.836057																																																																																											-9.836057																					0.000000																																																	0.000000	
 11 	 4						9.836057																																																																																											-9.836057																					0.000000																																																	0.000000	
 11 	 5						9.836057																																																																																											-9.836057																					0.000000																																																	0.000000	
 11 	 6						9.836057																																																																																											-9.836057																					0.000000																																																	0.000000	
 11 	 7						9.836057																																																																																											-9.836057																					0.000000																																																	0.000000	
 11 	 8						9.836057																																																																																											-9.836057																					0.000000																																																	0.000000	
 11 	 9						9.836057																																																																																											-9.836057																					0.000000																																																	0.000000	
 11 	 10						9.836057																																																																																											-9.836057																					0.000000																																																	0.000000	
 11 	 11						9.836057																																																																																											-9.836057																					0.000000																																																	0.000000	
 11 	 12						9.836057																																																																																											-9.836057																					0.000000																																																	0.000000	
 11 	 13						9.836057																																																																																											-9.836057																					0.000000																																																	0.000000	
 11 	 14						9.836057																																																																																											-9.836057																					0.000000																																																	0.000000	
 11 	 15						9.836057																																																																																											-9.836057																					0.000000																																																	0.000000	
 11 	 16						9.836057																																																																																											-9.836057																					0.000000																																																	0.000000	
 11 	 17						9.836057																																																																																											-9.836057																					0.000000																																																	0.000000	
 11 	 18						9.836057																																																																																											-9.836057																					0.000000																																																	0.000000	
 11 	 19						9.836057																																																																																											-9.836057																					0.000000																																																	0.000000	
 11 	 20						9.836057																																																																																											-9.836057																					0.000000																																																	0.000000	
 11 	 21						9.836057																																																																																											-9.836057																					0.000000																																																	0.000000	
 11 	 22						9.836057																																																																																											-9.836057																					0.000000																																																	0.000000	
 11 	 23						9.836057																																																																																											-9.836057																					0.000000																																																	0.000000	
 11 	 24						9.836057																																																																																											-9.836057																					0.000000																																																	0.000000	
 12 	 1						9.836057																																																																																											-9.836057																					0.000000																																																	0.000000	
 12 	 2						9.836057																																																																																											-9.836057																					0.000000																																																	0.000000	
 12 	 3						9.836057																																																																																											-9.836057																					0.000000																																																	0.000000	
 12 	 4						9.836057																																																																																											-9.836057																					0.000000																																																	0.000000	
 12 	 5						9.836057																																																																																											-9.836057																					0.000000																																																	0.000000	
 12 	 6						9.836057																																																																																											-9.836057																					0.000000																																																	0.000000	
 12 	 7						9.836057																																																																																											-9.836057																					0.000000																																																	0.000000	
 12 	 8						9.836057																																																																																											-9.836057																					0.000000																																																	0.000000	
 12 	 9						9.836057																																																																																											-9.836057																					0.000000																																																	0.000000	
 12 	 10						9.836057																																																																																											-9.836057																					0.000000																																																	0.000000	
 12 	 11						9.836057																																																																																											-9.836057																					0.000000																																																	0.000000	
 12 	 12						9.836057																																																																																											-9.836057																					0.000000																																																	0.000000	
 12 	 13						9.836057																																																																																											-9.836057																					0.000000																																																	0.000000	
 12 	 14						9.836057																																																																																											-9.836057																					0.000000																																																	0.000000	
 12 	 15						9.836057																																																																																											-9.836057																					0.000000																																																	0.000000	
 12 	 16						9.836057																																																																																											-9.836057																					0.000000																																																	0.000000	
 12 	 17						9.836057																																																																																											-9.836057																					0.000000																																																	0.000000	
 12 	 18						9.836057																																																																																											-9.836057																					0.000000																																																	0.000000	
 12 	 19						9.836057																																																																																											-9.836057																					0.000000																																																	0.000000	
 12 	 20						9.836057																																																																																											-9.836057																					0.000000																																																	0.000000	
 12 	 21						9.836057																																																																																											-9.836057																					0.000000																																																	0.000000	
 12 	 22						9.836057																																																																																											-9.836057																					0.000000																																																	0.000000	
 12 	 23						9.836057																																																																																											-9.836057																					0.000000																																																	0.000000	
 12 	 24						9.836057																																																																																											-9.836057																					0.000000																																																	0.000000	