Td 	 Time	ELECTRICITY	GASOLINE	DIESEL	BIOETHANOL	BIODIESEL	LFO	NG	SLF	SNG	WET_BIOMASS	COAL	URANIUM	WASTE	H2	ELEC_EXPORT	CO2_EMISSIONS	RES_WIND	RES_SOLAR	RES_HYDRO	RES_GEO	CO2_ATM	CO2_INDUSTRY	CO2_CAPTURED	WOOD	WOOD1	WOOD2	WOOD3	WOOD4	WOOD5	WOOD6	WOOD7	WOOD8	WOOD9	WOOD10	NUCLEAR	CCGT	COAL_US	COAL_IGCC	PV	WIND_ONSHORE	WIND_OFFSHORE	HYDRO_RIVER	GEOTHERMAL	Biomass_power_only	IND_COGEN_GAS	IND_COGEN_WOOD	IND_COGEN_WASTE	IND_BOILER_GAS	IND_BOILER_WOOD	IND_BOILER_OIL	IND_BOILER_COAL	IND_BOILER_WASTE	IND_DIRECT_ELEC	DHN_HP_ELEC	DHN_COGEN_GAS	DHN_COGEN_WOOD	DHN_COGEN_WET_BIOMASS	DHN_COGEN_BIO_HYDROLYSIS	DHN_COGEN_WASTE	DHN_BOILER_GAS	DHN_BOILER_WOOD	DHN_BOILER_OIL	DHN_DEEP_GEO	DHN_SOLAR	DEC_HP_ELEC	DEC_THHP_GAS	DEC_COGEN_GAS	DEC_COGEN_OIL	DEC_ADVCOGEN_GAS	DEC_ADVCOGEN_H2	DEC_BOILER_GAS	DEC_BOILER_WOOD	DEC_BOILER_OIL	DEC_SOLAR	DEC_DIRECT_ELEC	TRAMWAY_TROLLEY	BUS_COACH_DIESEL	BUS_COACH_HYDIESEL	BUS_COACH_CNG_STOICH	BUS_COACH_FC_HYBRIDH2	TRAIN_PUB	CAR_GASOLINE	CAR_DIESEL	CAR_NG	CAR_HEV	CAR_PHEV	CAR_BEV	CAR_FUEL_CELL	TRAIN_FREIGHT	BOAT_FREIGHT_DIESEL	BOAT_FREIGHT_NG	TRUCK_DIESEL	TRUCK_FUEL_CELL	TRUCK_NG	TRUCK_ELEC	NON_ENERGY_NG	NON_ENERGY_OIL	EFFICIENCY	DHN	GRID	MOTORWAYS	ROADS	RAILWAYS	H2_ELECTROLYSIS	H2_NG	H2_BIOMASS	GASIFICATION_SNG	PYROLYSIS	ATM_CCS	INDUSTRY_CCS	SYN_METHANOLATION	SYN_METHANATION	BIOMETHANATION	BIO_HYDROLYSIS	METHANE_TO_METHANOL	SLF_TO_DIESEL	SLF_TO_GASOLINE	SLF_TO_LFO	SLF_biomass_gasif	SLF_biomass_gasif_H2	SLF_pyrolysis_upgrade_2	SLF_pyrolysis_upgrade_2b	Cellulosic_ethanol	GASIFICATION_SNG_H2	PHS_Pin	PHS_Pout	BATT_LI_Pin	BATT_LI_Pout	BEV_BATT_Pin	BEV_BATT_Pout	PHEV_BATT_Pin	PHEV_BATT_Pout	TS_DEC_HP_ELEC_Pin	TS_DEC_HP_ELEC_Pout	TS_DEC_DIRECT_ELEC_Pin	TS_DEC_DIRECT_ELEC_Pout	TS_DHN_DAILY_Pin	TS_DHN_DAILY_Pout	TS_DHN_SEASONAL_Pin	TS_DHN_SEASONAL_Pout	TS_DEC_THHP_GAS_Pin	TS_DEC_THHP_GAS_Pout	TS_DEC_COGEN_GAS_Pin	TS_DEC_COGEN_GAS_Pout	TS_DEC_COGEN_OIL_Pin	TS_DEC_COGEN_OIL_Pout	TS_DEC_ADVCOGEN_GAS_Pin	TS_DEC_ADVCOGEN_GAS_Pout	TS_DEC_ADVCOGEN_H2_Pin	TS_DEC_ADVCOGEN_H2_Pout	TS_DEC_BOILER_GAS_Pin	TS_DEC_BOILER_GAS_Pout	TS_DEC_BOILER_WOOD_Pin	TS_DEC_BOILER_WOOD_Pout	TS_DEC_BOILER_OIL_Pin	TS_DEC_BOILER_OIL_Pout	TS_HIGH_TEMP_Pin	TS_HIGH_TEMP_Pout	SEASONAL_NG_Pin	SEASONAL_NG_Pout	SEASONAL_H2_Pin	SEASONAL_H2_Pout	CO2_STORAGE_Pin	CO2_STORAGE_Pout	SLF_STO_Pin	SLF_STO_Pout	END_USE	
 1 	 1																	1.807026																							-1.110035	-0.696991																																																																																																																														0.000000	
 1 	 2																	1.883052																							-1.228518	-0.654534																																																																																																																														0.000000	
 1 	 3																	1.972004																							-1.096112	-0.875892																																																																																																																														0.000000	
 1 	 4																	2.025437																							-1.028415	-0.997022																																																																																																																														0.000000	
 1 	 5																	2.002147																							-0.971188	-1.030959																																																																																																																														0.000000	
 1 	 6																	2.016475																							-0.907027	-1.109448																																																																																																																														0.000000	
 1 	 7																	1.945237																							-0.872959	-1.072278																																																																																																																														0.000000	
 1 	 8																	2.166992																							-1.147145	-1.019847																																																																																																																														0.000000	
 1 	 9																	2.482102																							-1.722759	-0.759343																																																																																																																														0.000000	
 1 	 10																	1.968154																							-1.419111	-0.549044																																																																																																																														0.000000	
 1 	 11																	1.545453																							-0.875947	-0.669506																																																																																																																														0.000000	
 1 	 12																	1.533643																							-0.883128	-0.650515																																																																																																																														0.000000	
 1 	 13																	1.925967																							-0.911001	-1.014965																																																																																																																														0.000000	
 1 	 14																	1.849529																							-0.905383	-0.944146																																																																																																																														0.000000	
 1 	 15																	1.742490																							-0.786434	-0.956056																																																																																																																														0.000000	
 1 	 16																	2.301217																							-0.567940	-1.733277																																																																																																																														0.000000	
 1 	 17																	3.202101																							-0.536641	-2.665460																																																																																																																														0.000000	
 1 	 18																	3.125997																							-0.675652	-2.450345																																																																																																																														0.000000	
 1 	 19																	3.286983																							-0.990291	-2.296691																																																																																																																														0.000000	
 1 	 20																	3.785248																							-1.742740	-2.042508																																																																																																																														0.000000	
 1 	 21																	4.360966																							-2.288617	-2.072349																																																																																																																														0.000000	
 1 	 22																	5.429753																							-3.173608	-2.256145																																																																																																																														0.000000	
 1 	 23																	6.037903																							-3.887549	-2.150354																																																																																																																														0.000000	
 1 	 24																	6.330975																							-4.401468	-1.929506																																																																																																																														0.000000	
 2 	 1																	3.218483																							-1.747974	-1.470508																																																																																																																														0.000000	
 2 	 2																	3.263136																							-2.110549	-1.152586																																																																																																																														0.000000	
 2 	 3																	3.500088																							-2.414198	-1.085890																																																																																																																														0.000000	
 2 	 4																	3.746051																							-2.590703	-1.155348																																																																																																																														0.000000	
 2 	 5																	4.163858																							-2.800371	-1.363487																																																																																																																														0.000000	
 2 	 6																	4.685075																							-3.454837	-1.230238																																																																																																																														0.000000	
 2 	 7																	4.578417																							-3.303301	-1.275117																																																																																																																														0.000000	
 2 	 8																	5.394914																							-3.900403	-1.494512																																																																																																																														0.000000	
 2 	 9																	5.111691																							-3.901910	-1.209781																																																																																																																														0.000000	
 2 	 10																	5.748647																							-4.800222	-0.948426																																																																																																																														0.000000	
 2 	 11																	5.790947																							-4.809513	-0.981434																																																																																																																														0.000000	
 2 	 12																	5.003787																							-4.099546	-0.904240																																																																																																																														0.000000	
 2 	 13																	4.239268																							-3.395966	-0.843302																																																																																																																														0.000000	
 2 	 14																	3.896140																							-3.167907	-0.728232																																																																																																																														0.000000	
 2 	 15																	3.761119																							-3.099662	-0.661457																																																																																																																														0.000000	
 2 	 16																	3.453134																							-2.732702	-0.720432																																																																																																																														0.000000	
 2 	 17																	2.957063																							-2.274940	-0.682123																																																																																																																														0.000000	
 2 	 18																	2.963024																							-2.401783	-0.561242																																																																																																																														0.000000	
 2 	 19																	2.624782																							-2.228594	-0.396188																																																																																																																														0.000000	
 2 	 20																	2.540366																							-2.263292	-0.277074																																																																																																																														0.000000	
 2 	 21																	2.527448																							-2.276968	-0.250479																																																																																																																														0.000000	
 2 	 22																	2.168163																							-2.005112	-0.163051																																																																																																																														0.000000	
 2 	 23																	1.670483																							-1.650458	-0.020025																																																																																																																														0.000000	
 2 	 24																	1.323257																							-1.307918	-0.015339																																																																																																																														0.000000	
 3 	 1																	5.984753																							-2.530489	-3.454264																																																																																																																														0.000000	
 3 	 2																	5.915856																							-2.530461	-3.385395																																																																																																																														0.000000	
 3 	 3																	5.060820																							-2.697785	-2.363035																																																																																																																														0.000000	
 3 	 4																	5.162593																							-3.073269	-2.089324																																																																																																																														0.000000	
 3 	 5																	5.408920																							-3.244183	-2.164738																																																																																																																														0.000000	
 3 	 6																	5.694061																							-3.397775	-2.296286																																																																																																																														0.000000	
 3 	 7																	5.109919																							-2.963858	-2.146061																																																																																																																														0.000000	
 3 	 8																	3.883094																							-2.216069	-1.667025																																																																																																																														0.000000	
 3 	 9																	3.735987																							-2.017172	-1.718815																																																																																																																														0.000000	
 3 	 10																	4.103448																							-1.802817	-2.300631																																																																																																																														0.000000	
 3 	 11																	4.628425																							-2.257564	-2.370861																																																																																																																														0.000000	
 3 	 12																	5.029336																							-2.582289	-2.447047																																																																																																																														0.000000	
 3 	 13																	5.290960																							-3.094811	-2.196149																																																																																																																														0.000000	
 3 	 14																	5.588616																							-3.425868	-2.162748																																																																																																																														0.000000	
 3 	 15																	5.077806																							-3.230205	-1.847601																																																																																																																														0.000000	
 3 	 16																	4.996576																							-3.025305	-1.971270																																																																																																																														0.000000	
 3 	 17																	4.981971																							-2.912605	-2.069365																																																																																																																														0.000000	
 3 	 18																	4.402498																							-2.647848	-1.754650																																																																																																																														0.000000	
 3 	 19																	3.880268																							-2.477948	-1.402319																																																																																																																														0.000000	
 3 	 20																	2.611455																							-1.777602	-0.833853																																																																																																																														0.000000	
 3 	 21																	2.221120																							-1.497743	-0.723377																																																																																																																														0.000000	
 3 	 22																	1.434554																							-0.942273	-0.492281																																																																																																																														0.000000	
 3 	 23																	0.923066																							-0.649368	-0.273697																																																																																																																														0.000000	
 3 	 24																	0.678579																							-0.582631	-0.095949																																																																																																																														0.000000	
 4 	 1																	2.563858																							-0.748008	-1.815850																																																																																																																														0.000000	
 4 	 2																	1.890424																							-0.641365	-1.249058																																																																																																																														0.000000	
 4 	 3																	2.046512																							-0.739238	-1.307274																																																																																																																														0.000000	
 4 	 4																	2.123158																							-1.061167	-1.061991																																																																																																																														0.000000	
 4 	 5																	2.812508																							-1.808052	-1.004456																																																																																																																														0.000000	
 4 	 6																	2.753588																							-2.125624	-0.627965																																																																																																																														0.000000	
 4 	 7																	2.364940																							-2.100601	-0.264339																																																																																																																														0.000000	
 4 	 8																	2.013392																							-1.829649	-0.183743																																																																																																																														0.000000	
 4 	 9																	1.001872																							-0.931118	-0.070754																																																																																																																														0.000000	
 4 	 10																	0.736822																							-0.736168	-0.000654																																																																																																																														0.000000	
 4 	 11																	1.053235																							-1.029676	-0.023558																																																																																																																														0.000000	
 4 	 12																	0.971607																							-0.870109	-0.101498																																																																																																																														0.000000	
 4 	 13																	1.412109																							-1.106582	-0.305527																																																																																																																														0.000000	
 4 	 14																	1.719351																							-1.351551	-0.367800																																																																																																																														0.000000	
 4 	 15																	1.917300																							-1.549735	-0.367565																																																																																																																														0.000000	
 4 	 16																	2.089501																							-1.665395	-0.424105																																																																																																																														0.000000	
 4 	 17																	2.128791																							-1.759184	-0.369607																																																																																																																														0.000000	
 4 	 18																	2.202937																							-1.663120	-0.539817																																																																																																																														0.000000	
 4 	 19																	1.875824																							-1.012026	-0.863798																																																																																																																														0.000000	
 4 	 20																	1.484651																							-0.809648	-0.675003																																																																																																																														0.000000	
 4 	 21																	1.270613																							-0.933832	-0.336782																																																																																																																														0.000000	
 4 	 22																	1.791182																							-1.510953	-0.280228																																																																																																																														0.000000	
 4 	 23																	2.528968																							-1.896606	-0.632362																																																																																																																														0.000000	
 4 	 24																	2.728383																							-2.179260	-0.549122																																																																																																																														0.000000	
 5 	 1																	1.417076																							-0.890884	-0.526192																																																																																																																														0.000000	
 5 	 2																	1.185926																							-0.790051	-0.395874																																																																																																																														0.000000	
 5 	 3																	0.831486																							-0.486786	-0.344700																																																																																																																														0.000000	
 5 	 4																	0.789586																							-0.396369	-0.393217																																																																																																																														0.000000	
 5 	 5																	0.592436																							-0.299565	-0.292871																																																																																																																														0.000000	
 5 	 6																	0.392580																							-0.245051	-0.147529																																																																																																																														0.000000	
 5 	 7																	0.264174																							-0.209257	-0.054917																																																																																																																														0.000000	
 5 	 8																	0.156941																							-0.099078	-0.057862																																																																																																																														0.000000	
 5 	 9																	0.049632																							-0.027134	-0.022498																																																																																																																														0.000000	
 5 	 10																	0.020312																							-0.019788	-0.000524																																																																																																																														0.000000	
 5 	 11																	0.051007																							-0.027161	-0.023846																																																																																																																														0.000000	
 5 	 12																	0.116413																							-0.084059	-0.032354																																																																																																																														0.000000	
 5 	 13																	0.175585																							-0.144383	-0.031202																																																																																																																														0.000000	
 5 	 14																	0.322524																							-0.310693	-0.011832																																																																																																																														0.000000	
 5 	 15																	0.601103																							-0.601103	0.000000																																																																																																																														0.000000	
 5 	 16																	1.033458																							-1.033458	0.000000																																																																																																																														0.000000	
 5 	 17																	1.260167																							-1.258858	-0.001309																																																																																																																														0.000000	
 5 	 18																	1.578934																							-1.551462	-0.027472																																																																																																																														0.000000	
 5 	 19																	1.913431																							-1.668109	-0.245322																																																																																																																														0.000000	
 5 	 20																	2.043324																							-1.683128	-0.360196																																																																																																																														0.000000	
 5 	 21																	2.239497																							-1.635274	-0.604223																																																																																																																														0.000000	
 5 	 22																	2.439591																							-1.884108	-0.555483																																																																																																																														0.000000	
 5 	 23																	2.471545																							-1.880737	-0.590808																																																																																																																														0.000000	
 5 	 24																	2.523071																							-1.727199	-0.795871																																																																																																																														0.000000	
 6 	 1																	2.259321																							-1.025812	-1.233510																																																																																																																														0.000000	
 6 	 2																	3.070464																							-1.472884	-1.597580																																																																																																																														0.000000	
 6 	 3																	3.191619																							-1.804324	-1.387294																																																																																																																														0.000000	
 6 	 4																	3.414574																							-2.058338	-1.356236																																																																																																																														0.000000	
 6 	 5																	3.975340																							-2.249588	-1.725751																																																																																																																														0.000000	
 6 	 6																	4.723492																							-2.546687	-2.176805																																																																																																																														0.000000	
 6 	 7																	4.609427																							-2.419351	-2.190076																																																																																																																														0.000000	
 6 	 8																	3.515174																							-1.639577	-1.875596																																																																																																																														0.000000	
 6 	 9																	2.834253																							-1.107651	-1.726602																																																																																																																														0.000000	
 6 	 10																	2.701639																							-0.955758	-1.745881																																																																																																																														0.000000	
 6 	 11																	2.302993																							-1.022249	-1.280744																																																																																																																														0.000000	
 6 	 12																	2.067587																							-1.094385	-0.973201																																																																																																																														0.000000	
 6 	 13																	2.384923																							-1.247375	-1.137548																																																																																																																														0.000000	
 6 	 14																	2.613571																							-1.297777	-1.315794																																																																																																																														0.000000	
 6 	 15																	2.672523																							-1.308329	-1.364194																																																																																																																														0.000000	
 6 	 16																	2.329199																							-1.193902	-1.135297																																																																																																																														0.000000	
 6 	 17																	2.338895																							-1.035377	-1.303518																																																																																																																														0.000000	
 6 	 18																	2.093367																							-0.876440	-1.216927																																																																																																																														0.000000	
 6 	 19																	2.316610																							-0.780322	-1.536289																																																																																																																														0.000000	
 6 	 20																	2.312983																							-0.800658	-1.512324																																																																																																																														0.000000	
 6 	 21																	2.347596																							-1.107870	-1.239727																																																																																																																														0.000000	
 6 	 22																	2.152960																							-0.882908	-1.270052																																																																																																																														0.000000	
 6 	 23																	1.607971																							-0.634102	-0.973869																																																																																																																														0.000000	
 6 	 24																	1.608841																							-0.582384	-1.026457																																																																																																																														0.000000	
 7 	 1																	3.840523																							-2.959801	-0.880721																																																																																																																														0.000000	
 7 	 2																	3.169401																							-2.557704	-0.611696																																																																																																																														0.000000	
 7 	 3																	2.520243																							-2.039728	-0.480515																																																																																																																														0.000000	
 7 	 4																	2.123967																							-1.795718	-0.328248																																																																																																																														0.000000	
 7 	 5																	2.104300																							-1.823482	-0.280817																																																																																																																														0.000000	
 7 	 6																	1.848276																							-1.624065	-0.224211																																																																																																																														0.000000	
 7 	 7																	1.828901																							-1.633000	-0.195902																																																																																																																														0.000000	
 7 	 8																	1.678111																							-1.404557	-0.273553																																																																																																																														0.000000	
 7 	 9																	1.408585																							-1.082628	-0.325958																																																																																																																														0.000000	
 7 	 10																	0.901252																							-0.570517	-0.330735																																																																																																																														0.000000	
 7 	 11																	0.869046																							-0.368468	-0.500579																																																																																																																														0.000000	
 7 	 12																	1.056991																							-0.420323	-0.636668																																																																																																																														0.000000	
 7 	 13																	1.000567																							-0.528062	-0.472505																																																																																																																														0.000000	
 7 	 14																	0.951193																							-0.555607	-0.395586																																																																																																																														0.000000	
 7 	 15																	0.897615																							-0.611929	-0.285686																																																																																																																														0.000000	
 7 	 16																	1.074555																							-0.667896	-0.406659																																																																																																																														0.000000	
 7 	 17																	1.328526																							-0.827764	-0.500762																																																																																																																														0.000000	
 7 	 18																	1.325747																							-0.834644	-0.491103																																																																																																																														0.000000	
 7 	 19																	1.871966																							-1.405626	-0.466340																																																																																																																														0.000000	
 7 	 20																	2.495561																							-2.077934	-0.417627																																																																																																																														0.000000	
 7 	 21																	2.891591																							-2.345597	-0.545994																																																																																																																														0.000000	
 7 	 22																	3.032234																							-2.246519	-0.785715																																																																																																																														0.000000	
 7 	 23																	2.817327																							-1.945309	-0.872018																																																																																																																														0.000000	
 7 	 24																	2.254106																							-1.425606	-0.828500																																																																																																																														0.000000	
 8 	 1																	7.075326																							-3.871789	-3.203536																																																																																																																														0.000000	
 8 	 2																	6.947678																							-3.708084	-3.239594																																																																																																																														0.000000	
 8 	 3																	7.052130																							-3.791019	-3.261111																																																																																																																														0.000000	
 8 	 4																	7.721225																							-4.331524	-3.389701																																																																																																																														0.000000	
 8 	 5																	8.268058																							-5.024498	-3.243560																																																																																																																														0.000000	
 8 	 6																	7.842726																							-4.883321	-2.959405																																																																																																																														0.000000	
 8 	 7																	7.198128																							-4.682369	-2.515759																																																																																																																														0.000000	
 8 	 8																	6.247880																							-4.179549	-2.068331																																																																																																																														0.000000	
 8 	 9																	5.368769																							-3.817193	-1.551576																																																																																																																														0.000000	
 8 	 10																	5.729714																							-3.951819	-1.777894																																																																																																																														0.000000	
 8 	 11																	5.524169																							-4.034316	-1.489852																																																																																																																														0.000000	
 8 	 12																	5.966073																							-4.260621	-1.705452																																																																																																																														0.000000	
 8 	 13																	5.932441																							-4.404620	-1.527821																																																																																																																														0.000000	
 8 	 14																	6.269648																							-4.506138	-1.763510																																																																																																																														0.000000	
 8 	 15																	6.395111																							-4.343611	-2.051500																																																																																																																														0.000000	
 8 	 16																	6.025877																							-4.096449	-1.929428																																																																																																																														0.000000	
 8 	 17																	6.290521																							-4.069453	-2.221069																																																																																																																														0.000000	
 8 	 18																	6.053246																							-3.966592	-2.086654																																																																																																																														0.000000	
 8 	 19																	6.127785																							-4.290550	-1.837235																																																																																																																														0.000000	
 8 	 20																	5.982768																							-4.246232	-1.736536																																																																																																																														0.000000	
 8 	 21																	5.113255																							-2.978987	-2.134269																																																																																																																														0.000000	
 8 	 22																	4.592866																							-2.536628	-2.056238																																																																																																																														0.000000	
 8 	 23																	4.583575																							-2.415788	-2.167787																																																																																																																														0.000000	
 8 	 24																	4.115430																							-1.972497	-2.142933																																																																																																																														0.000000	
 9 	 1																	2.047166																							-0.632047	-1.415120																																																																																																																														0.000000	
 9 	 2																	1.941695																							-0.478948	-1.462747																																																																																																																														0.000000	
 9 	 3																	2.150208																							-0.515235	-1.634973																																																																																																																														0.000000	
 9 	 4																	1.878998																							-0.663812	-1.215186																																																																																																																														0.000000	
 9 	 5																	2.220258																							-0.886389	-1.333869																																																																																																																														0.000000	
 9 	 6																	2.072867																							-1.034500	-1.038367																																																																																																																														0.000000	
 9 	 7																	1.982712																							-1.242962	-0.739750																																																																																																																														0.000000	
 9 	 8																	2.275315																							-1.478174	-0.797141																																																																																																																														0.000000	
 9 	 9																	2.428539																							-1.644264	-0.784275																																																																																																																														0.000000	
 9 	 10																	2.312893																							-1.369859	-0.943033																																																																																																																														0.000000	
 9 	 11																	2.236192																							-1.174004	-1.062187																																																																																																																														0.000000	
 9 	 12																	2.034700																							-0.929885	-1.104815																																																																																																																														0.000000	
 9 	 13																	2.016125																							-0.747761	-1.268363																																																																																																																														0.000000	
 9 	 14																	1.502984																							-0.543931	-0.959053																																																																																																																														0.000000	
 9 	 15																	1.165649																							-0.401412	-0.764238																																																																																																																														0.000000	
 9 	 16																	0.984763																							-0.360711	-0.624051																																																																																																																														0.000000	
 9 	 17																	1.354604																							-0.531954	-0.822650																																																																																																																														0.000000	
 9 	 18																	1.420037																							-0.554812	-0.865225																																																																																																																														0.000000	
 9 	 19																	1.428436																							-0.627552	-0.800884																																																																																																																														0.000000	
 9 	 20																	1.450688																							-0.854514	-0.596174																																																																																																																														0.000000	
 9 	 21																	1.847445																							-1.340506	-0.506940																																																																																																																														0.000000	
 9 	 22																	2.213933																							-1.615102	-0.598831																																																																																																																														0.000000	
 9 	 23																	2.625723																							-1.688527	-0.937196																																																																																																																														0.000000	
 9 	 24																	2.619243																							-1.512543	-1.106700																																																																																																																														0.000000	
 10 	 1																	8.414365																							-5.074791	-3.339574																																																																																																																														0.000000	
 10 	 2																	8.575708																							-5.470228	-3.105481																																																																																																																														0.000000	
 10 	 3																	8.453470																							-5.530607	-2.922863																																																																																																																														0.000000	
 10 	 4																	7.487254																							-4.605134	-2.882120																																																																																																																														0.000000	
 10 	 5																	5.941896																							-3.802941	-2.138954																																																																																																																														0.000000	
 10 	 6																	5.675804																							-3.517519	-2.158285																																																																																																																														0.000000	
 10 	 7																	5.349186																							-3.279703	-2.069483																																																																																																																														0.000000	
 10 	 8																	5.093915																							-3.018974	-2.074941																																																																																																																														0.000000	
 10 	 9																	4.924907																							-2.864834	-2.060073																																																																																																																														0.000000	
 10 	 10																	5.218032																							-2.990196	-2.227835																																																																																																																														0.000000	
 10 	 11																	4.996938																							-2.843155	-2.153783																																																																																																																														0.000000	
 10 	 12																	5.480232																							-3.520780	-1.959452																																																																																																																														0.000000	
 10 	 13																	7.374214																							-4.997803	-2.376411																																																																																																																														0.000000	
 10 	 14																	8.254675																							-5.405929	-2.848746																																																																																																																														0.000000	
 10 	 15																	8.399255																							-5.214186	-3.185069																																																																																																																														0.000000	
 10 	 16																	8.465809																							-5.197906	-3.267904																																																																																																																														0.000000	
 10 	 17																	8.987598																							-5.576734	-3.410864																																																																																																																														0.000000	
 10 	 18																	9.268554																							-5.834694	-3.433860																																																																																																																														0.000000	
 10 	 19																	9.389959																							-5.940734	-3.449225																																																																																																																														0.000000	
 10 	 20																	9.576944																							-6.133464	-3.443480																																																																																																																														0.000000	
 10 	 21																	9.477576																							-5.999112	-3.478464																																																																																																																														0.000000	
 10 	 22																	8.975579																							-5.489550	-3.486029																																																																																																																														0.000000	
 10 	 23																	8.155491																							-4.684945	-3.470546																																																																																																																														0.000000	
 10 	 24																	8.021143																							-4.601955	-3.419188																																																																																																																														0.000000	
 11 	 1																	10.047235																							-6.741088	-3.306147																																																																																																																														0.000000	
 11 	 2																	10.266618																							-6.957160	-3.309458																																																																																																																														0.000000	
 11 	 3																	10.383154																							-7.029472	-3.353683																																																																																																																														0.000000	
 11 	 4																	10.620069																							-7.289670	-3.330399																																																																																																																														0.000000	
 11 	 5																	10.355736																							-7.012472	-3.343265																																																																																																																														0.000000	
 11 	 6																	9.376891																							-6.033469	-3.343422																																																																																																																														0.000000	
 11 	 7																	9.617292																							-6.449526	-3.167767																																																																																																																														0.000000	
 11 	 8																	9.487420																							-6.549505	-2.937914																																																																																																																														0.000000	
 11 	 9																	8.814622																							-5.697781	-3.116841																																																																																																																														0.000000	
 11 	 10																	8.512237																							-5.310428	-3.201809																																																																																																																														0.000000	
 11 	 11																	8.545280																							-5.240481	-3.304799																																																																																																																														0.000000	
 11 	 12																	8.261047																							-4.965697	-3.295349																																																																																																																														0.000000	
 11 	 13																	7.801398																							-4.451904	-3.349494																																																																																																																														0.000000	
 11 	 14																	6.944594																							-3.651130	-3.293464																																																																																																																														0.000000	
 11 	 15																	6.365492																							-3.087223	-3.278269																																																																																																																														0.000000	
 11 	 16																	6.122731																							-2.882509	-3.240222																																																																																																																														0.000000	
 11 	 17																	6.725759																							-3.813418	-2.912340																																																																																																																														0.000000	
 11 	 18																	8.500123																							-5.676297	-2.823826																																																																																																																														0.000000	
 11 	 19																	10.235198																							-7.360577	-2.874621																																																																																																																														0.000000	
 11 	 20																	11.396771																							-8.217081	-3.179690																																																																																																																														0.000000	
 11 	 21																	10.835847																							-7.529740	-3.306108																																																																																																																														0.000000	
 11 	 22																	9.491880																							-6.332620	-3.159260																																																																																																																														0.000000	
 11 	 23																	8.873703																							-5.651857	-3.221847																																																																																																																														0.000000	
 11 	 24																	7.521763																							-4.311814	-3.209950																																																																																																																														0.000000	
 12 	 1																	3.097724																							-2.223599	-0.874125																																																																																																																														0.000000	
 12 	 2																	2.792696																							-2.062592	-0.730104																																																																																																																														0.000000	
 12 	 3																	2.561303																							-2.024379	-0.536924																																																																																																																														0.000000	
 12 	 4																	3.172136																							-2.655694	-0.516441																																																																																																																														0.000000	
 12 	 5																	3.839195																							-3.398101	-0.441094																																																																																																																														0.000000	
 12 	 6																	4.740193																							-4.099585	-0.640608																																																																																																																														0.000000	
 12 	 7																	6.074445																							-5.144592	-0.929854																																																																																																																														0.000000	
 12 	 8																	6.639797																							-5.315207	-1.324589																																																																																																																														0.000000	
 12 	 9																	6.328862																							-5.051979	-1.276884																																																																																																																														0.000000	
 12 	 10																	6.128424																							-4.701015	-1.427409																																																																																																																														0.000000	
 12 	 11																	5.991180																							-4.285846	-1.705334																																																																																																																														0.000000	
 12 	 12																	6.294356																							-3.821499	-2.472857																																																																																																																														0.000000	
 12 	 13																	5.156454																							-3.475045	-1.681409																																																																																																																														0.000000	
 12 	 14																	4.104542																							-2.698022	-1.406521																																																																																																																														0.000000	
 12 	 15																	4.192502																							-2.846291	-1.346211																																																																																																																														0.000000	
 12 	 16																	4.991398																							-2.923407	-2.067991																																																																																																																														0.000000	
 12 	 17																	6.182076																							-3.785824	-2.396252																																																																																																																														0.000000	
 12 	 18																	7.435511																							-4.488121	-2.947390																																																																																																																														0.000000	
 12 	 19																	8.658235																							-5.497797	-3.160438																																																																																																																														0.000000	
 12 	 20																	8.908212																							-6.043251	-2.864962																																																																																																																														0.000000	
 12 	 21																	8.806138																							-5.877045	-2.929093																																																																																																																														0.000000	
 12 	 22																	8.584226																							-5.611549	-2.972676																																																																																																																														0.000000	
 12 	 23																	8.086341																							-5.030987	-3.055354																																																																																																																														0.000000	
 12 	 24																	8.671570																							-5.619803	-3.051767																																																																																																																														0.000000	