Td 	 Time	ELECTRICITY	GASOLINE	DIESEL	BIOETHANOL	BIODIESEL	LFO	NG	SLF	SNG	WET_BIOMASS	COAL	URANIUM	WASTE	H2	ELEC_EXPORT	CO2_EMISSIONS	RES_WIND	RES_SOLAR	RES_HYDRO	RES_GEO	CO2_ATM	CO2_INDUSTRY	CO2_CAPTURED	WOOD	WOOD1	WOOD2	WOOD3	WOOD4	WOOD5	WOOD6	WOOD7	WOOD8	WOOD9	WOOD10	NUCLEAR	CCGT	COAL_US	COAL_IGCC	PV	WIND_ONSHORE	WIND_OFFSHORE	HYDRO_RIVER	GEOTHERMAL	Biomass_power_only	IND_COGEN_GAS	IND_COGEN_WOOD	IND_COGEN_WASTE	IND_BOILER_GAS	IND_BOILER_WOOD	IND_BOILER_OIL	IND_BOILER_COAL	IND_BOILER_WASTE	IND_DIRECT_ELEC	DHN_HP_ELEC	DHN_COGEN_GAS	DHN_COGEN_WOOD	DHN_COGEN_WET_BIOMASS	DHN_COGEN_BIO_HYDROLYSIS	DHN_COGEN_WASTE	DHN_BOILER_GAS	DHN_BOILER_WOOD	DHN_BOILER_OIL	DHN_DEEP_GEO	DHN_SOLAR	DEC_HP_ELEC	DEC_THHP_GAS	DEC_COGEN_GAS	DEC_COGEN_OIL	DEC_ADVCOGEN_GAS	DEC_ADVCOGEN_H2	DEC_BOILER_GAS	DEC_BOILER_WOOD	DEC_BOILER_OIL	DEC_SOLAR	DEC_DIRECT_ELEC	TRAMWAY_TROLLEY	BUS_COACH_DIESEL	BUS_COACH_HYDIESEL	BUS_COACH_CNG_STOICH	BUS_COACH_FC_HYBRIDH2	TRAIN_PUB	CAR_GASOLINE	CAR_DIESEL	CAR_NG	CAR_HEV	CAR_PHEV	CAR_BEV	CAR_FUEL_CELL	TRAIN_FREIGHT	BOAT_FREIGHT_DIESEL	BOAT_FREIGHT_NG	TRUCK_DIESEL	TRUCK_FUEL_CELL	TRUCK_NG	TRUCK_ELEC	NON_ENERGY_NG	NON_ENERGY_OIL	EFFICIENCY	DHN	GRID	MOTORWAYS	ROADS	RAILWAYS	H2_ELECTROLYSIS	H2_NG	H2_BIOMASS	GASIFICATION_SNG	PYROLYSIS	ATM_CCS	INDUSTRY_CCS	SYN_METHANOLATION	SYN_METHANATION	BIOMETHANATION	BIO_HYDROLYSIS	METHANE_TO_METHANOL	SLF_TO_DIESEL	SLF_TO_GASOLINE	SLF_TO_LFO	SLF_biomass_gasif	SLF_biomass_gasif_H2	SLF_pyrolysis_upgrade_2	SLF_pyrolysis_upgrade_2b	Cellulosic_ethanol	GASIFICATION_SNG_H2	PHS_Pin	PHS_Pout	BATT_LI_Pin	BATT_LI_Pout	BEV_BATT_Pin	BEV_BATT_Pout	PHEV_BATT_Pin	PHEV_BATT_Pout	TS_DEC_HP_ELEC_Pin	TS_DEC_HP_ELEC_Pout	TS_DEC_DIRECT_ELEC_Pin	TS_DEC_DIRECT_ELEC_Pout	TS_DHN_DAILY_Pin	TS_DHN_DAILY_Pout	TS_DHN_SEASONAL_Pin	TS_DHN_SEASONAL_Pout	TS_DEC_THHP_GAS_Pin	TS_DEC_THHP_GAS_Pout	TS_DEC_COGEN_GAS_Pin	TS_DEC_COGEN_GAS_Pout	TS_DEC_COGEN_OIL_Pin	TS_DEC_COGEN_OIL_Pout	TS_DEC_ADVCOGEN_GAS_Pin	TS_DEC_ADVCOGEN_GAS_Pout	TS_DEC_ADVCOGEN_H2_Pin	TS_DEC_ADVCOGEN_H2_Pout	TS_DEC_BOILER_GAS_Pin	TS_DEC_BOILER_GAS_Pout	TS_DEC_BOILER_WOOD_Pin	TS_DEC_BOILER_WOOD_Pout	TS_DEC_BOILER_OIL_Pin	TS_DEC_BOILER_OIL_Pout	TS_HIGH_TEMP_Pin	TS_HIGH_TEMP_Pout	SEASONAL_NG_Pin	SEASONAL_NG_Pout	SEASONAL_H2_Pin	SEASONAL_H2_Pout	CO2_STORAGE_Pin	CO2_STORAGE_Pout	SLF_STO_Pin	SLF_STO_Pout	END_USE	
 1 	 1																		0.000000																					0.000000																																																																																																																																0.000000	
 1 	 2																		0.000000																					0.000000																																																																																																																																0.000000	
 1 	 3																		0.000000																					0.000000																																																																																																																																0.000000	
 1 	 4																		0.000000																					0.000000																																																																																																																																0.000000	
 1 	 5																		0.000000																					0.000000																																																																																																																																0.000000	
 1 	 6																		0.000000																					0.000000																																																																																																																																0.000000	
 1 	 7																		0.000000																					0.000000																																																																																																																																0.000000	
 1 	 8																		0.066988																					-0.066988																																																																																																																																0.000000	
 1 	 9																		1.177069																					-1.177069																																																																																																																																0.000000	
 1 	 10																		2.872107																					-2.872107																																																																																																																																0.000000	
 1 	 11																		5.042277																					-5.042277																																																																																																																																0.000000	
 1 	 12																		7.450246																					-7.450246																																																																																																																																0.000000	
 1 	 13																		8.817519																					-8.817519																																																																																																																																0.000000	
 1 	 14																		8.776590																					-8.776590																																																																																																																																0.000000	
 1 	 15																		6.320714																					-6.320714																																																																																																																																0.000000	
 1 	 16																		4.980786																					-4.980786																																																																																																																																0.000000	
 1 	 17																		3.799663																					-3.799663																																																																																																																																0.000000	
 1 	 18																		2.125109																					-2.125109																																																																																																																																0.000000	
 1 	 19																		0.249279																					-0.249279																																																																																																																																0.000000	
 1 	 20																		0.000000																					0.000000																																																																																																																																0.000000	
 1 	 21																		0.000000																					0.000000																																																																																																																																0.000000	
 1 	 22																		0.000000																					0.000000																																																																																																																																0.000000	
 1 	 23																		0.000000																					0.000000																																																																																																																																0.000000	
 1 	 24																		0.000000																					0.000000																																																																																																																																0.000000	
 2 	 1																		0.000000																					0.000000																																																																																																																																0.000000	
 2 	 2																		0.000000																					0.000000																																																																																																																																0.000000	
 2 	 3																		0.000000																					0.000000																																																																																																																																0.000000	
 2 	 4																		0.000000																					0.000000																																																																																																																																0.000000	
 2 	 5																		0.000000																					0.000000																																																																																																																																0.000000	
 2 	 6																		0.053754																					-0.053754																																																																																																																																0.000000	
 2 	 7																		0.969713																					-0.969713																																																																																																																																0.000000	
 2 	 8																		2.919293																					-2.919293																																																																																																																																0.000000	
 2 	 9																		6.075119																					-6.075119																																																																																																																																0.000000	
 2 	 10																		9.081564																					-9.081564																																																																																																																																0.000000	
 2 	 11																		11.136967																					-11.136967																																																																																																																																0.000000	
 2 	 12																		12.028585																					-12.028585																																																																																																																																0.000000	
 2 	 13																		12.468916																					-12.468916																																																																																																																																0.000000	
 2 	 14																		12.582276																					-12.582276																																																																																																																																0.000000	
 2 	 15																		11.037603																					-11.037603																																																																																																																																0.000000	
 2 	 16																		9.064148																					-9.064148																																																																																																																																0.000000	
 2 	 17																		7.388268																					-7.388268																																																																																																																																0.000000	
 2 	 18																		4.822565																					-4.822565																																																																																																																																0.000000	
 2 	 19																		2.156955																					-2.156955																																																																																																																																0.000000	
 2 	 20																		0.388263																					-0.388263																																																																																																																																0.000000	
 2 	 21																		0.000000																					0.000000																																																																																																																																0.000000	
 2 	 22																		0.000000																					0.000000																																																																																																																																0.000000	
 2 	 23																		0.000000																					0.000000																																																																																																																																0.000000	
 2 	 24																		0.000000																					0.000000																																																																																																																																0.000000	
 3 	 1																		0.000000																					0.000000																																																																																																																																0.000000	
 3 	 2																		0.000000																					0.000000																																																																																																																																0.000000	
 3 	 3																		0.000000																					0.000000																																																																																																																																0.000000	
 3 	 4																		0.000000																					0.000000																																																																																																																																0.000000	
 3 	 5																		0.017502																					-0.017502																																																																																																																																0.000000	
 3 	 6																		0.610393																					-0.610393																																																																																																																																0.000000	
 3 	 7																		2.138771																					-2.138771																																																																																																																																0.000000	
 3 	 8																		4.308785																					-4.308785																																																																																																																																0.000000	
 3 	 9																		6.229617																					-6.229617																																																																																																																																0.000000	
 3 	 10																		7.728254																					-7.728254																																																																																																																																0.000000	
 3 	 11																		8.061555																					-8.061555																																																																																																																																0.000000	
 3 	 12																		7.776161																					-7.776161																																																																																																																																0.000000	
 3 	 13																		8.135890																					-8.135890																																																																																																																																0.000000	
 3 	 14																		8.042669																					-8.042669																																																																																																																																0.000000	
 3 	 15																		7.884799																					-7.884799																																																																																																																																0.000000	
 3 	 16																		6.657582																					-6.657582																																																																																																																																0.000000	
 3 	 17																		4.740160																					-4.740160																																																																																																																																0.000000	
 3 	 18																		2.987041																					-2.987041																																																																																																																																0.000000	
 3 	 19																		1.757212																					-1.757212																																																																																																																																0.000000	
 3 	 20																		0.747759																					-0.747759																																																																																																																																0.000000	
 3 	 21																		0.117428																					-0.117428																																																																																																																																0.000000	
 3 	 22																		0.000039																					-0.000039																																																																																																																																0.000000	
 3 	 23																		0.000000																					0.000000																																																																																																																																0.000000	
 3 	 24																		0.000000																					0.000000																																																																																																																																0.000000	
 4 	 1																		0.000000																					0.000000																																																																																																																																0.000000	
 4 	 2																		0.000000																					0.000000																																																																																																																																0.000000	
 4 	 3																		0.000000																					0.000000																																																																																																																																0.000000	
 4 	 4																		0.000000																					0.000000																																																																																																																																0.000000	
 4 	 5																		0.000000																					0.000000																																																																																																																																0.000000	
 4 	 6																		0.200924																					-0.200924																																																																																																																																0.000000	
 4 	 7																		1.734175																					-1.734175																																																																																																																																0.000000	
 4 	 8																		5.124584																					-5.124584																																																																																																																																0.000000	
 4 	 9																		8.863243																					-8.863243																																																																																																																																0.000000	
 4 	 10																		12.301618																					-12.301618																																																																																																																																0.000000	
 4 	 11																		14.881646																					-14.881646																																																																																																																																0.000000	
 4 	 12																		16.127047																					-16.127047																																																																																																																																0.000000	
 4 	 13																		15.708966																					-15.708966																																																																																																																																0.000000	
 4 	 14																		15.291866																					-15.291866																																																																																																																																0.000000	
 4 	 15																		14.232780																					-14.232780																																																																																																																																0.000000	
 4 	 16																		11.839331																					-11.839331																																																																																																																																0.000000	
 4 	 17																		8.571573																					-8.571573																																																																																																																																0.000000	
 4 	 18																		5.598780																					-5.598780																																																																																																																																0.000000	
 4 	 19																		2.839851																					-2.839851																																																																																																																																0.000000	
 4 	 20																		0.678062																					-0.678062																																																																																																																																0.000000	
 4 	 21																		0.010992																					-0.010992																																																																																																																																0.000000	
 4 	 22																		0.000000																					0.000000																																																																																																																																0.000000	
 4 	 23																		0.000000																					0.000000																																																																																																																																0.000000	
 4 	 24																		0.000000																					0.000000																																																																																																																																0.000000	
 5 	 1																		0.000000																					0.000000																																																																																																																																0.000000	
 5 	 2																		0.000000																					0.000000																																																																																																																																0.000000	
 5 	 3																		0.000000																					0.000000																																																																																																																																0.000000	
 5 	 4																		0.000000																					0.000000																																																																																																																																0.000000	
 5 	 5																		0.000000																					0.000000																																																																																																																																0.000000	
 5 	 6																		0.064649																					-0.064649																																																																																																																																0.000000	
 5 	 7																		1.301591																					-1.301591																																																																																																																																0.000000	
 5 	 8																		3.129572																					-3.129572																																																																																																																																0.000000	
 5 	 9																		5.289900																					-5.289900																																																																																																																																0.000000	
 5 	 10																		7.006300																					-7.006300																																																																																																																																0.000000	
 5 	 11																		9.893726																					-9.893726																																																																																																																																0.000000	
 5 	 12																		12.748468																					-12.748468																																																																																																																																0.000000	
 5 	 13																		12.457831																					-12.457831																																																																																																																																0.000000	
 5 	 14																		11.383378																					-11.383378																																																																																																																																0.000000	
 5 	 15																		10.495407																					-10.495407																																																																																																																																0.000000	
 5 	 16																		8.714923																					-8.714923																																																																																																																																0.000000	
 5 	 17																		5.325839																					-5.325839																																																																																																																																0.000000	
 5 	 18																		3.186737																					-3.186737																																																																																																																																0.000000	
 5 	 19																		1.389082																					-1.389082																																																																																																																																0.000000	
 5 	 20																		0.280093																					-0.280093																																																																																																																																0.000000	
 5 	 21																		0.000117																					-0.000117																																																																																																																																0.000000	
 5 	 22																		0.000000																					0.000000																																																																																																																																0.000000	
 5 	 23																		0.000000																					0.000000																																																																																																																																0.000000	
 5 	 24																		0.000000																					0.000000																																																																																																																																0.000000	
 6 	 1																		0.000000																					0.000000																																																																																																																																0.000000	
 6 	 2																		0.000000																					0.000000																																																																																																																																0.000000	
 6 	 3																		0.000000																					0.000000																																																																																																																																0.000000	
 6 	 4																		0.000000																					0.000000																																																																																																																																0.000000	
 6 	 5																		0.000000																					0.000000																																																																																																																																0.000000	
 6 	 6																		0.000000																					0.000000																																																																																																																																0.000000	
 6 	 7																		0.130389																					-0.130389																																																																																																																																0.000000	
 6 	 8																		0.870099																					-0.870099																																																																																																																																0.000000	
 6 	 9																		2.086343																					-2.086343																																																																																																																																0.000000	
 6 	 10																		3.641598																					-3.641598																																																																																																																																0.000000	
 6 	 11																		5.247099																					-5.247099																																																																																																																																0.000000	
 6 	 12																		6.176662																					-6.176662																																																																																																																																0.000000	
 6 	 13																		5.722483																					-5.722483																																																																																																																																0.000000	
 6 	 14																		5.456618																					-5.456618																																																																																																																																0.000000	
 6 	 15																		5.314418																					-5.314418																																																																																																																																0.000000	
 6 	 16																		4.686251																					-4.686251																																																																																																																																0.000000	
 6 	 17																		3.484819																					-3.484819																																																																																																																																0.000000	
 6 	 18																		1.735403																					-1.735403																																																																																																																																0.000000	
 6 	 19																		0.339830																					-0.339830																																																																																																																																0.000000	
 6 	 20																		0.003118																					-0.003118																																																																																																																																0.000000	
 6 	 21																		0.000000																					0.000000																																																																																																																																0.000000	
 6 	 22																		0.000000																					0.000000																																																																																																																																0.000000	
 6 	 23																		0.000000																					0.000000																																																																																																																																0.000000	
 6 	 24																		0.000000																					0.000000																																																																																																																																0.000000	
 7 	 1																		0.000000																					0.000000																																																																																																																																0.000000	
 7 	 2																		0.000000																					0.000000																																																																																																																																0.000000	
 7 	 3																		0.000000																					0.000000																																																																																																																																0.000000	
 7 	 4																		0.000000																					0.000000																																																																																																																																0.000000	
 7 	 5																		0.000000																					0.000000																																																																																																																																0.000000	
 7 	 6																		0.000000																					0.000000																																																																																																																																0.000000	
 7 	 7																		0.007564																					-0.007564																																																																																																																																0.000000	
 7 	 8																		1.498328																					-1.498328																																																																																																																																0.000000	
 7 	 9																		5.654474																					-5.654474																																																																																																																																0.000000	
 7 	 10																		9.762389																					-9.762389																																																																																																																																0.000000	
 7 	 11																		12.763548																					-12.763548																																																																																																																																0.000000	
 7 	 12																		14.452417																					-14.452417																																																																																																																																0.000000	
 7 	 13																		14.757975																					-14.757975																																																																																																																																0.000000	
 7 	 14																		14.037364																					-14.037364																																																																																																																																0.000000	
 7 	 15																		12.136090																					-12.136090																																																																																																																																0.000000	
 7 	 16																		8.985770																					-8.985770																																																																																																																																0.000000	
 7 	 17																		4.806008																					-4.806008																																																																																																																																0.000000	
 7 	 18																		1.119478																					-1.119478																																																																																																																																0.000000	
 7 	 19																		0.021210																					-0.021210																																																																																																																																0.000000	
 7 	 20																		0.000000																					0.000000																																																																																																																																0.000000	
 7 	 21																		0.000000																					0.000000																																																																																																																																0.000000	
 7 	 22																		0.000000																					0.000000																																																																																																																																0.000000	
 7 	 23																		0.000000																					0.000000																																																																																																																																0.000000	
 7 	 24																		0.000000																					0.000000																																																																																																																																0.000000	
 8 	 1																		0.000000																					0.000000																																																																																																																																0.000000	
 8 	 2																		0.000000																					0.000000																																																																																																																																0.000000	
 8 	 3																		0.000000																					0.000000																																																																																																																																0.000000	
 8 	 4																		0.000000																					0.000000																																																																																																																																0.000000	
 8 	 5																		0.000000																					0.000000																																																																																																																																0.000000	
 8 	 6																		0.000000																					0.000000																																																																																																																																0.000000	
 8 	 7																		0.000000																					0.000000																																																																																																																																0.000000	
 8 	 8																		0.321514																					-0.321514																																																																																																																																0.000000	
 8 	 9																		1.428155																					-1.428155																																																																																																																																0.000000	
 8 	 10																		2.153077																					-2.153077																																																																																																																																0.000000	
 8 	 11																		2.516588																					-2.516588																																																																																																																																0.000000	
 8 	 12																		2.977697																					-2.977697																																																																																																																																0.000000	
 8 	 13																		2.755130																					-2.755130																																																																																																																																0.000000	
 8 	 14																		2.439813																					-2.439813																																																																																																																																0.000000	
 8 	 15																		1.748533																					-1.748533																																																																																																																																0.000000	
 8 	 16																		1.106929																					-1.106929																																																																																																																																0.000000	
 8 	 17																		0.536576																					-0.536576																																																																																																																																0.000000	
 8 	 18																		0.100025																					-0.100025																																																																																																																																0.000000	
 8 	 19																		0.000597																					-0.000597																																																																																																																																0.000000	
 8 	 20																		0.000000																					0.000000																																																																																																																																0.000000	
 8 	 21																		0.000000																					0.000000																																																																																																																																0.000000	
 8 	 22																		0.000000																					0.000000																																																																																																																																0.000000	
 8 	 23																		0.000000																					0.000000																																																																																																																																0.000000	
 8 	 24																		0.000000																					0.000000																																																																																																																																0.000000	
 9 	 1																		0.000000																					0.000000																																																																																																																																0.000000	
 9 	 2																		0.000000																					0.000000																																																																																																																																0.000000	
 9 	 3																		0.000000																					0.000000																																																																																																																																0.000000	
 9 	 4																		0.000000																					0.000000																																																																																																																																0.000000	
 9 	 5																		0.000000																					0.000000																																																																																																																																0.000000	
 9 	 6																		0.000000																					0.000000																																																																																																																																0.000000	
 9 	 7																		0.000000																					0.000000																																																																																																																																0.000000	
 9 	 8																		0.052967																					-0.052967																																																																																																																																0.000000	
 9 	 9																		0.793595																					-0.793595																																																																																																																																0.000000	
 9 	 10																		1.938112																					-1.938112																																																																																																																																0.000000	
 9 	 11																		3.086787																					-3.086787																																																																																																																																0.000000	
 9 	 12																		4.280345																					-4.280345																																																																																																																																0.000000	
 9 	 13																		5.102752																					-5.102752																																																																																																																																0.000000	
 9 	 14																		5.383925																					-5.383925																																																																																																																																0.000000	
 9 	 15																		4.280460																					-4.280460																																																																																																																																0.000000	
 9 	 16																		2.297523																					-2.297523																																																																																																																																0.000000	
 9 	 17																		0.660562																					-0.660562																																																																																																																																0.000000	
 9 	 18																		0.023943																					-0.023943																																																																																																																																0.000000	
 9 	 19																		0.000000																					0.000000																																																																																																																																0.000000	
 9 	 20																		0.000000																					0.000000																																																																																																																																0.000000	
 9 	 21																		0.000000																					0.000000																																																																																																																																0.000000	
 9 	 22																		0.000000																					0.000000																																																																																																																																0.000000	
 9 	 23																		0.000000																					0.000000																																																																																																																																0.000000	
 9 	 24																		0.000000																					0.000000																																																																																																																																0.000000	
 10 	 1																		0.000000																					0.000000																																																																																																																																0.000000	
 10 	 2																		0.000000																					0.000000																																																																																																																																0.000000	
 10 	 3																		0.000000																					0.000000																																																																																																																																0.000000	
 10 	 4																		0.000000																					0.000000																																																																																																																																0.000000	
 10 	 5																		0.000000																					0.000000																																																																																																																																0.000000	
 10 	 6																		0.000000																					0.000000																																																																																																																																0.000000	
 10 	 7																		0.000000																					0.000000																																																																																																																																0.000000	
 10 	 8																		0.001636																					-0.001636																																																																																																																																0.000000	
 10 	 9																		0.427986																					-0.427986																																																																																																																																0.000000	
 10 	 10																		1.377363																					-1.377363																																																																																																																																0.000000	
 10 	 11																		2.500382																					-2.500382																																																																																																																																0.000000	
 10 	 12																		3.852281																					-3.852281																																																																																																																																0.000000	
 10 	 13																		4.061973																					-4.061973																																																																																																																																0.000000	
 10 	 14																		3.458208																					-3.458208																																																																																																																																0.000000	
 10 	 15																		2.101708																					-2.101708																																																																																																																																0.000000	
 10 	 16																		0.733526																					-0.733526																																																																																																																																0.000000	
 10 	 17																		0.071328																					-0.071328																																																																																																																																0.000000	
 10 	 18																		0.001501																					-0.001501																																																																																																																																0.000000	
 10 	 19																		0.000000																					0.000000																																																																																																																																0.000000	
 10 	 20																		0.000000																					0.000000																																																																																																																																0.000000	
 10 	 21																		0.000000																					0.000000																																																																																																																																0.000000	
 10 	 22																		0.000000																					0.000000																																																																																																																																0.000000	
 10 	 23																		0.000000																					0.000000																																																																																																																																0.000000	
 10 	 24																		0.000000																					0.000000																																																																																																																																0.000000	
 11 	 1																		0.000000																					0.000000																																																																																																																																0.000000	
 11 	 2																		0.000000																					0.000000																																																																																																																																0.000000	
 11 	 3																		0.000000																					0.000000																																																																																																																																0.000000	
 11 	 4																		0.000000																					0.000000																																																																																																																																0.000000	
 11 	 5																		0.000000																					0.000000																																																																																																																																0.000000	
 11 	 6																		0.000000																					0.000000																																																																																																																																0.000000	
 11 	 7																		0.000000																					0.000000																																																																																																																																0.000000	
 11 	 8																		0.000000																					0.000000																																																																																																																																0.000000	
 11 	 9																		0.000847																					-0.000847																																																																																																																																0.000000	
 11 	 10																		0.158457																					-0.158457																																																																																																																																0.000000	
 11 	 11																		0.467288																					-0.467288																																																																																																																																0.000000	
 11 	 12																		0.832030																					-0.832030																																																																																																																																0.000000	
 11 	 13																		1.061930																					-1.061930																																																																																																																																0.000000	
 11 	 14																		1.192172																					-1.192172																																																																																																																																0.000000	
 11 	 15																		0.873006																					-0.873006																																																																																																																																0.000000	
 11 	 16																		0.250533																					-0.250533																																																																																																																																0.000000	
 11 	 17																		0.014089																					-0.014089																																																																																																																																0.000000	
 11 	 18																		0.000000																					0.000000																																																																																																																																0.000000	
 11 	 19																		0.000000																					0.000000																																																																																																																																0.000000	
 11 	 20																		0.000000																					0.000000																																																																																																																																0.000000	
 11 	 21																		0.000000																					0.000000																																																																																																																																0.000000	
 11 	 22																		0.000000																					0.000000																																																																																																																																0.000000	
 11 	 23																		0.000000																					0.000000																																																																																																																																0.000000	
 11 	 24																		0.000000																					0.000000																																																																																																																																0.000000	
 12 	 1																		0.000000																					0.000000																																																																																																																																0.000000	
 12 	 2																		0.000000																					0.000000																																																																																																																																0.000000	
 12 	 3																		0.000000																					0.000000																																																																																																																																0.000000	
 12 	 4																		0.000000																					0.000000																																																																																																																																0.000000	
 12 	 5																		0.000000																					0.000000																																																																																																																																0.000000	
 12 	 6																		0.000000																					0.000000																																																																																																																																0.000000	
 12 	 7																		0.000000																					0.000000																																																																																																																																0.000000	
 12 	 8																		0.000000																					0.000000																																																																																																																																0.000000	
 12 	 9																		0.003407																					-0.003407																																																																																																																																0.000000	
 12 	 10																		0.943121																					-0.943121																																																																																																																																0.000000	
 12 	 11																		2.774145																					-2.774145																																																																																																																																0.000000	
 12 	 12																		4.831278																					-4.831278																																																																																																																																0.000000	
 12 	 13																		6.457095																					-6.457095																																																																																																																																0.000000	
 12 	 14																		6.074781																					-6.074781																																																																																																																																0.000000	
 12 	 15																		3.721713																					-3.721713																																																																																																																																0.000000	
 12 	 16																		1.468938																					-1.468938																																																																																																																																0.000000	
 12 	 17																		0.141886																					-0.141886																																																																																																																																0.000000	
 12 	 18																		0.000000																					0.000000																																																																																																																																0.000000	
 12 	 19																		0.000000																					0.000000																																																																																																																																0.000000	
 12 	 20																		0.000000																					0.000000																																																																																																																																0.000000	
 12 	 21																		0.000000																					0.000000																																																																																																																																0.000000	
 12 	 22																		0.000000																					0.000000																																																																																																																																0.000000	
 12 	 23																		0.000000																					0.000000																																																																																																																																0.000000	
 12 	 24																		0.000000																					0.000000																																																																																																																																0.000000	