Td 	 Time	ELECTRICITY	GASOLINE	DIESEL	BIOETHANOL	BIODIESEL	LFO	NG	SLF	SNG	WET_BIOMASS	COAL	URANIUM	WASTE	H2	ELEC_EXPORT	CO2_EMISSIONS	RES_WIND	RES_SOLAR	RES_HYDRO	RES_GEO	CO2_ATM	CO2_INDUSTRY	CO2_CAPTURED	WOOD	WOOD1	WOOD2	WOOD3	WOOD4	WOOD5	WOOD6	WOOD7	WOOD8	WOOD9	WOOD10	NUCLEAR	CCGT	COAL_US	COAL_IGCC	PV	WIND_ONSHORE	WIND_OFFSHORE	HYDRO_RIVER	GEOTHERMAL	Biomass_power_only	IND_COGEN_GAS	IND_COGEN_WOOD	IND_COGEN_WASTE	IND_BOILER_GAS	IND_BOILER_WOOD	IND_BOILER_OIL	IND_BOILER_COAL	IND_BOILER_WASTE	IND_DIRECT_ELEC	DHN_HP_ELEC	DHN_COGEN_GAS	DHN_COGEN_WOOD	DHN_COGEN_WET_BIOMASS	DHN_COGEN_BIO_HYDROLYSIS	DHN_COGEN_WASTE	DHN_BOILER_GAS	DHN_BOILER_WOOD	DHN_BOILER_OIL	DHN_DEEP_GEO	DHN_SOLAR	DEC_HP_ELEC	DEC_THHP_GAS	DEC_COGEN_GAS	DEC_COGEN_OIL	DEC_ADVCOGEN_GAS	DEC_ADVCOGEN_H2	DEC_BOILER_GAS	DEC_BOILER_WOOD	DEC_BOILER_OIL	DEC_SOLAR	DEC_DIRECT_ELEC	TRAMWAY_TROLLEY	BUS_COACH_DIESEL	BUS_COACH_HYDIESEL	BUS_COACH_CNG_STOICH	BUS_COACH_FC_HYBRIDH2	TRAIN_PUB	CAR_GASOLINE	CAR_DIESEL	CAR_NG	CAR_HEV	CAR_PHEV	CAR_BEV	CAR_FUEL_CELL	TRAIN_FREIGHT	BOAT_FREIGHT_DIESEL	BOAT_FREIGHT_NG	TRUCK_DIESEL	TRUCK_FUEL_CELL	TRUCK_NG	TRUCK_ELEC	NON_ENERGY_NG	NON_ENERGY_OIL	EFFICIENCY	DHN	GRID	MOTORWAYS	ROADS	RAILWAYS	H2_ELECTROLYSIS	H2_NG	H2_BIOMASS	GASIFICATION_SNG	PYROLYSIS	ATM_CCS	INDUSTRY_CCS	SYN_METHANOLATION	SYN_METHANATION	BIOMETHANATION	BIO_HYDROLYSIS	METHANE_TO_METHANOL	SLF_TO_DIESEL	SLF_TO_GASOLINE	SLF_TO_LFO	SLF_biomass_gasif	SLF_biomass_gasif_H2	SLF_pyrolysis_upgrade_2	SLF_pyrolysis_upgrade_2b	Cellulosic_ethanol	GASIFICATION_SNG_H2	PHS_Pin	PHS_Pout	BATT_LI_Pin	BATT_LI_Pout	BEV_BATT_Pin	BEV_BATT_Pout	PHEV_BATT_Pin	PHEV_BATT_Pout	TS_DEC_HP_ELEC_Pin	TS_DEC_HP_ELEC_Pout	TS_DEC_DIRECT_ELEC_Pin	TS_DEC_DIRECT_ELEC_Pout	TS_DHN_DAILY_Pin	TS_DHN_DAILY_Pout	TS_DHN_SEASONAL_Pin	TS_DHN_SEASONAL_Pout	TS_DEC_THHP_GAS_Pin	TS_DEC_THHP_GAS_Pout	TS_DEC_COGEN_GAS_Pin	TS_DEC_COGEN_GAS_Pout	TS_DEC_COGEN_OIL_Pin	TS_DEC_COGEN_OIL_Pout	TS_DEC_ADVCOGEN_GAS_Pin	TS_DEC_ADVCOGEN_GAS_Pout	TS_DEC_ADVCOGEN_H2_Pin	TS_DEC_ADVCOGEN_H2_Pout	TS_DEC_BOILER_GAS_Pin	TS_DEC_BOILER_GAS_Pout	TS_DEC_BOILER_WOOD_Pin	TS_DEC_BOILER_WOOD_Pout	TS_DEC_BOILER_OIL_Pin	TS_DEC_BOILER_OIL_Pout	TS_HIGH_TEMP_Pin	TS_HIGH_TEMP_Pout	SEASONAL_NG_Pin	SEASONAL_NG_Pout	SEASONAL_H2_Pin	SEASONAL_H2_Pout	CO2_STORAGE_Pin	CO2_STORAGE_Pout	SLF_STO_Pin	SLF_STO_Pout	END_USE	
 1 	 1	7.841822														0.000000																				1.698000	8.055656			0.000000	1.110035	0.696991	0.034779												-2.804283											-4.862527											-0.010688													-0.191088																																				0.000000	0.000000																																									-11.568696	
 1 	 2	8.500250														0.000000																				1.698000	8.055656			0.000000	1.228518	0.654534	0.034761												-2.804283											-5.800844											-0.004275													-0.191088																																				0.000000	0.000000																																									-11.371229	
 1 	 3	8.275044														0.000000																				1.698000	8.055656			0.000000	1.096112	0.875892	0.034741												-2.804283											-5.835668											-0.002138													-0.191088																																				0.000000	0.000000																																									-11.202267	
 1 	 4	8.223951														0.000000																				1.698000	8.055656			0.000000	1.028415	0.997022	0.034723												-2.804283											-5.870493											-0.025652													-0.191088																																				0.000000	0.000000																																									-11.146251	
 1 	 5	8.354400														0.000000																				1.698000	8.055656			0.000000	0.971188	1.030959	0.034706												-2.804283											-5.905317											-0.068404													-0.191088																																				0.000000	0.000000																																									-11.175816	
 1 	 6	8.710274														0.000000																				1.698000	8.055656			0.000000	0.907027	1.109448	0.034686												-2.804283											-5.940142											-0.171011													-0.191088																																				0.000000	0.000000																																									-11.408567	
 1 	 7	9.315869														0.000000																				1.698000	8.055656			0.000000	0.872959	1.072278	0.034669												-2.804283											-5.905317											-0.331333													-0.191088																																				0.000000	0.000000																																									-11.817409	
 1 	 8	9.121555														0.000000																				1.698000	8.055656			0.066988	1.147145	1.019847	0.034648												-2.804283											-5.870493											-0.288580													-0.191088																																				0.000000	0.000000																																									-11.989394	
 1 	 9	7.491128														0.000000																				1.698000	8.055656			1.177069	1.722759	0.759343	0.034631												-2.804283											-5.591917											-0.267205													-0.191088																																				0.000000	0.000000																																									-12.084093	
 1 	 10	6.219995														0.000000																				1.698000	8.055656			2.872107	1.419111	0.549044	0.034611												-2.804283											-5.382969											-0.299270													-0.191088																																				0.000000	0.000000																																									-12.170913	
 1 	 11	4.268250														0.000000																				1.698000	8.055656			5.042277	0.875947	0.669506	0.034594												-2.804283											-5.104372											-0.342021													-0.191088																																				0.000000	0.000000																																									-12.202465	
 1 	 12	1.675793														0.000000																				1.698000	8.055656			7.450246	0.883128	0.650515	0.034573												-2.804283											-4.860621											-0.376224													-0.191088																																				0.000000	0.000000																																									-12.215695	
 1 	 13	0.000000														0.000000																				1.698000	8.055656			8.817519	0.911001	1.014965	0.034555												-2.804283											-5.056162											-0.342021													-0.191088																																				0.000000	0.000000																																									-12.138143	
 1 	 14	0.000000														0.000000																				1.698000	8.055656			8.776590	0.905383	0.944146	0.034536												-2.804283											-4.987821											-0.346297													-0.191088																																				0.000000	0.000000																																									-12.084821	
 1 	 15	0.742874														0.000000																				1.698000	8.055656			6.320714	0.786434	0.956056	0.034518												-2.804283											-3.296202											-0.389050													-0.191088																																				0.000000	0.000000																																									-11.913629	
 1 	 16	2.559262														0.000000																				1.698000	8.055656			4.980786	0.567940	1.733277	0.034498												-2.804283											-4.303447											-0.406152													-0.191088																																				0.000000	0.000000																																									-11.924448	
 1 	 17	2.855766														0.000000																				1.698000	8.055656			3.799663	0.536641	2.665460	0.034480												-2.804283											-4.407901											-0.406152													-0.191088																																				0.000000	0.000000																																									-11.836243	
 1 	 18	4.704918														0.000000																				1.698000	8.055656			2.125109	0.675652	2.450345	0.034461												-2.804283											-4.582024											-0.299270													-0.191088																																				0.000000	0.000000																																									-11.867476	
 1 	 19	6.779218														0.000000																				1.698000	8.055656			0.249279	0.990291	2.296691	0.034443												-2.804283											-4.790971											-0.213764													-0.191088																																				0.000000	0.000000																																									-12.103472	
 1 	 20	6.814037														0.000000																				1.698000	8.055656			0.000000	1.742740	2.042508	0.034423												-2.804283											-4.930270											-0.160323													-0.191088																																				0.000000	0.000000																																									-12.301400	
 1 	 21	6.062857														0.000000																				1.698000	8.055656			0.000000	2.288617	2.072349	0.034405												-2.804283											-5.034744											-0.106882													-0.191088																																				0.000000	0.000000																																									-12.074888	
 1 	 22	4.821097														0.000000																				1.698000	8.055656			0.000000	3.173608	2.256145	0.034388												-2.804283											-5.174021											-0.068404													-0.191088																																				0.000000	0.000000																																									-11.801096	
 1 	 23	4.408561														0.000000																				1.698000	8.055656			0.000000	3.887549	2.150354	0.034368												-2.804283											-5.313320											-0.042753													-0.191088																																				0.000000	0.000000																																									-11.883044	
 1 	 24	5.142699														0.000000																				1.698000	8.055656			0.000000	4.401468	1.929506	0.034351												-2.804283											-6.363617											-0.017101													-0.191088																																				0.000000	0.000000																																									-11.885591	
 2 	 1	0.000000														0.000000																				1.698000	8.055656			0.000000	1.747974	1.470508	0.046764												0.000000											-2.773133											-0.010688													-0.191088																																				0.000000	0.381991																																									-10.425984	
 2 	 2	0.000000														0.000000																				1.698000	8.055656			0.000000	2.110549	1.152586	0.046842												0.000000											-3.746254											-0.004275													-0.191088																																				0.000000	1.127302																																									-10.249318	
 2 	 3	0.000000														0.000000																				1.698000	8.055656			0.000000	2.414198	1.085890	0.046920												0.000000											-3.781079											-0.002138													-0.191088																																				0.000000	0.800645																																									-10.127005	
 2 	 4	0.000000														0.000000																				1.698000	8.055656			0.000000	2.590703	1.155348	0.046999												0.000000											-3.850728											-0.025652													-0.191088																																				0.000000	0.602790																																									-10.082028	
 2 	 5	0.000000														0.000000																				1.698000	8.055656			0.000000	2.800371	1.363487	0.047081												0.000000											-3.885552											-0.068404													-0.191088																																				0.000000	0.262579																																									-10.082129	
 2 	 6	0.000000														0.000000																				1.698000	8.055656			0.053754	3.454837	1.230238	0.047159												-0.257792											-3.781079											-0.171011													-0.191088																																				0.000000	0.000000																																									-10.138674	
 2 	 7	0.000000														0.000000																				1.698000	8.055656			0.969713	3.303301	1.275117	0.047236												-1.277120											-3.363204											-0.331333													-0.191088																																				0.000000	0.000000																																									-10.186277	
 2 	 8	0.000000														0.000000																				1.698000	6.365755			2.919293	3.900403	1.494512	0.047315												-2.804283											-2.840855											-0.288580													-0.191088																																				0.000000	0.000000																																									-10.300470	
 2 	 9	0.000000														0.000000																				1.698000	3.073567			6.075119	3.901910	1.209781	0.047393												-2.804283											-2.283672											-0.267205													-0.191088																																				0.000000	0.000000																																									-10.459522	
 2 	 10	0.000000														0.000000																				1.698000	0.000000			9.081564	4.800222	0.948426	0.047471												-2.804283											-1.796142											-0.299270													-0.191088																																				-0.778249	0.000000																																									-10.706650	
 2 	 11	0.000000														0.000000																				1.698000	0.000000			11.136967	4.809513	0.981434	0.000000												-2.804283											-3.025260											-0.342021													-0.191088																																				-1.345505	0.000000																																									-10.917756	
 2 	 12	0.000000														0.000000																				1.698000	0.000000			12.028585	4.099546	0.904240	0.000000												-2.804283											-2.956321											-0.376224													-0.191088																																				-1.345505	0.000000																																									-11.056949	
 2 	 13	0.000000														0.000000																				1.698000	0.000000			12.468916	3.395966	0.843302	0.000000												-2.804283											-2.642910											-0.342021													-0.191088																																				-1.345505	0.000000																																									-11.080377	
 2 	 14	0.000000														0.000000																				1.698000	0.000000			12.582276	3.167907	0.728232	0.000000												-2.804283											-2.534409											-0.346297													-0.191088																																				-1.345505	0.000000																																									-10.954833	
 2 	 15	0.000000														0.000000																				1.698000	0.000000			11.037603	3.099662	0.661457	0.047864												-2.804283											-1.082864											-0.389050													-0.191088																																				-1.345505	0.000000																																									-10.731796	
 2 	 16	0.000000														0.000000																				1.698000	0.000000			9.064148	2.732702	0.720432	0.047942												-2.804283											-0.261657											-0.406152													-0.191088																																				0.000000	0.000000																																									-10.600043	
 2 	 17	0.000000														0.000000																				1.698000	1.861539			7.388268	2.274940	0.682123	0.048019												-2.804283											0.000000											-0.406152													-0.191088																																				0.000000	0.000000																																									-10.551366	
 2 	 18	0.000000														0.000000																				1.698000	5.308867			4.822565	2.401783	0.561242	0.048098												-2.804283											-0.851385											-0.299270													-0.191088																																				0.000000	0.000000																																									-10.694527	
 2 	 19	0.000000														0.000000																				1.698000	8.055656			2.156955	2.228594	0.396188	0.048176												-2.804283											-0.642096											-0.213764													-0.191088																																				0.000000	0.000000																																									-10.732339	
 2 	 20	0.000000														0.000000																				1.698000	8.055656			0.388263	2.263292	0.277074	0.048255												-1.698130											0.000000											-0.160323													-0.191088																																				0.000000	0.000000																																									-10.680999	
 2 	 21	0.000000														0.000000																				1.698000	8.055656			0.000000	2.276968	0.250479	0.048336												0.000000											-1.358513											-0.106882													-0.191088																																				0.000000	0.000000																																									-10.672957	
 2 	 22	0.000000														0.000000																				1.698000	8.055656			0.000000	2.005112	0.163051	0.048415												0.000000											-0.959047											-0.068404													-0.191088																																				0.000000	0.000000																																									-10.751695	
 2 	 23	0.000000														0.000000																				1.698000	8.055656			0.000000	1.650458	0.020025	0.048492												0.000000											-1.481314											-0.042753													-0.191088																																				0.000000	0.940483																																									-10.697959	
 2 	 24	0.000000														0.000000																				1.698000	8.055656			0.000000	1.307918	0.015339	0.048570												0.000000											-1.908092											-0.017101													-0.191088																																				0.000000	1.513212																																									-10.522414	
 3 	 1	0.000000														0.000000																				1.698000	3.373716			0.000000	2.530489	3.454264	0.082672												0.000000											-0.683709											-0.010688													-0.191088																																				0.000000	0.000000																																									-10.253656	
 3 	 2	0.000000														0.000000																				1.698000	4.604585			0.000000	2.530461	3.385395	0.082598												0.000000											-1.935436											-0.004275													-0.191088																																				0.000000	0.000000																																									-10.170239	
 3 	 3	0.000000														0.000000																				1.698000	5.523683			0.000000	2.697785	2.363035	0.082522												0.000000											-2.109555											-0.002138													-0.191088																																				0.000000	0.000000																																									-10.062243	
 3 	 4	0.000000														0.000000																				1.698000	5.517013			0.000000	3.073269	2.089324	0.082451												0.000000											-2.214025											-0.025652													-0.191088																																				0.000000	0.000000																																									-10.029292	
 3 	 5	0.000000														0.000000																				1.698000	5.241615			0.017502	3.244183	2.164738	0.082376												0.000000											-2.144378											-0.068404													-0.191088																																				0.000000	0.000000																																									-10.044544	
 3 	 6	0.000000														0.000000																				1.698000	4.129350			0.610393	3.397775	2.296286	0.082301												0.000000											-1.691672											-0.171011													-0.191088																																				0.000000	0.000000																																									-10.160333	
 3 	 7	0.000000														0.000000																				1.698000	3.179700			2.138771	2.963858	2.146061	0.082229												0.000000											-1.134495											-0.331333													-0.191088																																				0.000000	0.000000																																									-10.551702	
 3 	 8	0.000000														0.000000																				1.698000	1.994449			4.308785	2.216069	1.667025	0.082155												0.000000											-0.577318											-0.288580													-0.191088																																				0.000000	0.000000																																									-10.909497	
 3 	 9	0.000000														0.000000																				1.698000	0.485859			6.229617	2.017172	1.718815	0.082080												0.000000											-0.577318											-0.267205													-0.191088																																				0.000000	0.000000																																									-11.195932	
 3 	 10	0.000000														0.000000																				1.698000	0.093517			7.728254	1.802817	2.300631	0.082006												-1.169057											-0.577318											-0.299270													-0.191088																																				0.000000	0.000000																																									-11.468492	
 3 	 11	0.000000														0.000000																				1.698000	1.067154			8.061555	2.257564	2.370861	0.081934												-2.804283											-0.577318											-0.342021													-0.191088																																				0.000000	0.000000																																									-11.622358	
 3 	 12	0.000000														0.000000																				1.698000	1.086191			7.776161	2.582289	2.447047	0.081859												-2.804283											-0.577318											-0.376224													-0.191088																																				0.000000	0.000000																																									-11.722633	
 3 	 13	0.000000														0.000000																				1.698000	0.371869			8.135890	3.094811	2.196149	0.081785												-2.804283											-0.577318											-0.342021													-0.191088																																				0.000000	0.000000																																									-11.663793	
 3 	 14	0.000000														0.000000																				1.698000	0.186394			8.042669	3.425868	2.162748	0.081710												-2.804283											-0.577318											-0.346297													-0.191088																																				0.000000	0.000000																																									-11.678403	
 3 	 15	0.000000														0.000000																				1.698000	0.829337			7.884799	3.230205	1.847601	0.081638												-2.804283											-0.577318											-0.389050													-0.191088																																				0.000000	0.000000																																									-11.609839	
 3 	 16	0.000000														0.000000																				1.698000	2.154055			6.657582	3.025305	1.971270	0.081564												-2.804283											-0.577318											-0.406152													-0.191088																																				0.000000	0.000000																																									-11.608935	
 3 	 17	0.000000														0.000000																				1.698000	4.017672			4.740160	2.912605	2.069365	0.081489												-2.804283											-0.577318											-0.406152													-0.191088																																				0.000000	0.000000																																									-11.540451	
 3 	 18	0.000000														0.000000																				1.698000	6.257813			2.987041	2.647848	1.754650	0.081417												-2.804283											-0.577318											-0.299270													-0.191088																																				0.000000	0.000000																																									-11.554809	
 3 	 19	0.000000														0.000000																				1.698000	8.055656			1.757212	2.477948	1.402319	0.081343												-1.737333											-1.817402											-0.213764													-0.191088																																				0.000000	0.000000																																									-11.512892	
 3 	 20	0.000000														0.000000																				1.698000	8.055656			0.747759	1.777602	0.833853	0.081268												0.000000											-1.607785											-0.160323													-0.191088																																				0.000000	0.000000																																									-11.234942	
 3 	 21	0.000000														0.000000																				1.698000	8.055656			0.117428	1.497743	0.723377	0.081194												0.000000											-0.868064											-0.106882													-0.191088																																				0.000000	0.000000																																									-11.007364	
 3 	 22	0.000000														0.000000																				1.698000	8.055656			0.000039	0.942273	0.492281	0.081122												0.000000											-0.160997											-0.068404													-0.191088																																				0.000000	0.000000																																									-10.848881	
 3 	 23	0.464511														0.000000																				1.698000	8.055656			0.000000	0.649368	0.273697	0.081047												0.000000											0.000000											-0.042753													-0.191088																																				0.000000	0.000000																																									-10.988438	
 3 	 24	0.556077														0.000000																				1.698000	8.055656			0.000000	0.582631	0.095949	0.080973												0.000000											0.000000											-0.017101													-0.191088																																				0.000000	0.000000																																									-10.861096	
 4 	 1	0.000000														0.000000																				1.698000	7.202195			0.000000	0.748008	1.815850	0.083354												0.000000											-0.997122											-0.010688													-0.191088																																				0.000000	0.000000																																									-10.348509	
 4 	 2	0.000000														0.000000																				1.698000	8.055656			0.000000	0.641365	1.249058	0.083314												0.000000											-2.039908											-0.004275													-0.191088																																				0.000000	0.720584																																									-10.212706	
 4 	 3	0.000000														0.000000																				1.698000	8.055656			0.000000	0.739238	1.307274	0.083247												0.000000											-2.109555											-0.002138													-0.191088																																				0.000000	0.548774																																									-10.129408	
 4 	 4	0.000000														0.000000																				1.698000	8.055656			0.000000	1.061167	1.061991	0.083179												0.000000											-2.144378											-0.025652													-0.191088																																				0.000000	0.485073																																									-10.083949	
 4 	 5	0.000000														0.000000																				1.698000	7.913688			0.000000	1.808052	1.004456	0.083112												0.000000											-2.144378											-0.068404													-0.191088																																				0.000000	0.000000																																									-10.103436	
 4 	 6	0.000000														0.000000																				1.698000	7.843189			0.200924	2.125624	0.627965	0.083043												0.000000											-2.005084											-0.171011													-0.191088																																				0.000000	0.000000																																									-10.211562	
 4 	 7	0.000000														0.000000																				1.698000	6.842306			1.734175	2.100601	0.264339	0.082975												0.000000											-1.761320											-0.331333													-0.191088																																				0.000000	0.000000																																									-10.438656	
 4 	 8	0.000000														0.000000																				1.698000	3.383953			5.124584	1.829649	0.183743	0.082908												0.000000											-1.552378											-0.288580													-0.191088																																				0.000000	0.418793																																									-10.689583	
 4 	 9	0.000000														0.000000																				1.698000	0.000000			8.863243	0.931118	0.070754	0.082839												0.000000											-1.308612											-0.267205													-0.191088																																				0.000000	1.002082																																									-10.881132	
 4 	 10	0.000000														0.000000																				1.698000	0.000000			12.301618	0.736168	0.000654	0.082772												-2.135832											-0.995201											-0.299270													-0.191088																																				0.000000	0.000000																																									-11.197820	
 4 	 11	0.000000														0.000000																				1.698000	0.000000			14.881646	1.029676	0.023558	0.082704												-2.804283											-1.586494											-0.342021													-0.191088																																				-1.345505	0.000000																																									-11.446193	
 4 	 12	0.000000														0.000000																				1.698000	0.000000			16.127047	0.870109	0.101498	0.082639												-2.804283											-2.524520											-0.376224													-0.191088																																				-1.345505	0.000000																																									-11.637672	
 4 	 13	0.000000														0.000000																				1.698000	0.000000			15.708966	1.106582	0.305527	0.000000												-2.804283											-2.573263											-0.342021													-0.191088																																				-1.345505	0.000000																																									-11.562914	
 4 	 14	0.000000														0.000000																				1.698000	0.000000			15.291866	1.351551	0.367800	0.082504												-2.804283											-2.573263											-0.346297													-0.191088																																				-1.345505	0.000000																																									-11.531285	
 4 	 15	0.000000														0.000000																				1.698000	0.000000			14.232780	1.549735	0.367565	0.082435												-2.804283											-1.742628											-0.389050													-0.191088																																				-1.345505	0.000000																																									-11.457960	
 4 	 16	0.000000														0.000000																				1.698000	0.000000			11.839331	1.665395	0.424105	0.082368												-2.804283											-0.240307											-0.406152													-0.191088																																				-0.778249	0.000000																																									-11.289120	
 4 	 17	0.000000														0.000000																				1.698000	0.000000			8.571573	1.759184	0.369607	0.082300												-0.801758											0.000000											-0.406152													-0.191088																																				0.000000	0.000000																																									-11.081666	
 4 	 18	0.000000														0.000000																				1.698000	0.405409			5.598780	1.663120	0.539817	0.082233												0.000000											0.000000											-0.299270													-0.191088																																				0.000000	1.513212																																									-11.010211	
 4 	 19	0.000000														0.000000																				1.698000	3.919019			2.839851	1.012026	0.863798	0.082164												0.000000											0.000000											-0.213764													-0.191088																																				0.000000	0.940483																																									-10.950490	
 4 	 20	0.000000														0.000000																				1.698000	7.247095			0.678062	0.809648	0.675003	0.082097												0.000000											0.000000											-0.160323													-0.191088																																				0.000000	0.000000																																									-10.838494	
 4 	 21	0.000000														0.000000																				1.698000	7.932596			0.010992	0.933832	0.336782	0.082029												0.000000											0.000000											-0.106882													-0.191088																																				0.000000	0.000000																																									-10.696261	
 4 	 22	0.000000														0.000000																				1.698000	7.387076			0.000000	1.510953	0.280228	0.081960												0.000000											0.000000											-0.068404													-0.191088																																				0.000000	0.000000																																									-10.698725	
 4 	 23	0.000000														0.000000																				1.698000	6.738917			0.000000	1.896606	0.632362	0.081893												0.000000											0.000000											-0.042753													-0.191088																																				0.000000	0.000000																																									-10.813938	
 4 	 24	0.000000														0.000000																				1.698000	6.286679			0.000000	2.179260	0.549122	0.081825												0.000000											0.000000											-0.017101													-0.191088																																				0.000000	0.000000																																									-10.586698	
 5 	 1	0.000000														0.000000																				1.698000	7.541229			0.000000	0.890884	0.526192	0.073636												0.000000											-0.417217											-0.010688													-0.191088																																				0.000000	0.000000																																									-10.110947	
 5 	 2	0.000000														0.000000																				1.698000	8.055656			0.000000	0.790051	0.395874	0.073568												0.000000											-0.833632											-0.004275													-0.191088																																				0.000000	0.000000																																									-9.984154	
 5 	 3	0.000000														0.000000																				1.698000	8.055656			0.000000	0.486786	0.344700	0.073501												0.000000											-0.594793											-0.002138													-0.191088																																				0.000000	0.000000																																									-9.870624	
 5 	 4	0.000000														0.000000																				1.698000	8.055656			0.000000	0.396369	0.393217	0.073433												0.000000											-0.537104											-0.025652													-0.191088																																				0.000000	0.000000																																									-9.862832	
 5 	 5	0.000000														0.000000																				1.698000	8.055656			0.000000	0.299565	0.292871	0.073365												0.000000											-0.254851											-0.068404													-0.191088																																				0.000000	0.000000																																									-9.905114	
 5 	 6	0.146967														0.000000																				1.698000	8.055656			0.064649	0.245051	0.147529	0.073297												0.000000											0.000000											-0.171011													-0.191088																																				0.000000	0.000000																																									-10.069050	
 5 	 7	0.000000														0.000000																				1.698000	8.055656			1.301591	0.209257	0.054917	0.073230												0.000000											-0.536063											-0.331333													-0.191088																																				0.000000	0.000000																																									-10.334167	
 5 	 8	0.000000														0.000000																				1.698000	6.627870			3.129572	0.099078	0.057862	0.073162												0.000000											-0.577318											-0.288580													-0.191088																																				0.000000	0.000000																																									-10.628559	
 5 	 9	0.000000														0.000000																				1.698000	4.864837			5.289900	0.027134	0.022498	0.073097												0.000000											-0.577318											-0.267205													-0.191088																																				0.000000	0.000000																																									-10.939855	
 5 	 10	0.000000														0.000000																				1.698000	3.428718			7.006300	0.019788	0.000524	0.073029												0.000000											-0.577318											-0.299270													-0.191088																																				0.000000	0.000000																																									-11.158683	
 5 	 11	0.000000														0.000000																				1.698000	0.645837			9.893726	0.027161	0.023846	0.072961												0.000000											-0.577318											-0.342021													-0.191088																																				0.000000	0.000000																																									-11.251104	
 5 	 12	0.000000														0.000000																				1.698000	0.000000			12.748468	0.084059	0.032354	0.072893												-1.987232											-0.577318											-0.376224													-0.191088																																				0.000000	0.000000																																									-11.503911	
 5 	 13	0.000000														0.000000																				1.698000	0.000000			12.457831	0.144383	0.031202	0.072826												-1.861892											-0.577318											-0.342021													-0.191088																																				0.000000	0.000000																																									-11.431922	
 5 	 14	0.000000														0.000000																				1.698000	0.000000			11.383378	0.310693	0.011832	0.072758												-0.921514											-0.689726											-0.346297													-0.191088																																				0.000000	0.000000																																									-11.328035	
 5 	 15	0.000000														0.000000																				1.698000	0.000000			10.495407	0.601103	0.000000	0.072689												0.000000											-1.047951											-0.389050													-0.191088																																				0.000000	0.000000																																									-11.239111	
 5 	 16	0.000000														0.000000																				1.698000	0.345027			8.714923	1.033458	0.000000	0.072622												0.000000											0.000000											-0.406152													-0.191088																																				0.000000	0.000000																																									-11.266790	
 5 	 17	0.000000														0.000000																				1.698000	4.039972			5.325839	1.258858	0.001309	0.072554												0.000000											-0.577318											-0.406152													-0.191088																																				0.000000	0.000000																																									-11.221975	
 5 	 18	0.000000														0.000000																				1.698000	5.755642			3.186737	1.551462	0.027472	0.072486												0.000000											-0.577318											-0.299270													-0.191088																																				0.000000	0.000000																																									-11.224123	
 5 	 19	0.000000														0.000000																				1.698000	7.058032			1.389082	1.668109	0.245322	0.072418												0.000000											-0.577318											-0.213764													-0.191088																																				0.000000	0.000000																																									-11.148794	
 5 	 20	0.000000														0.000000																				1.698000	7.798769			0.280093	1.683128	0.360196	0.072351												0.000000											-0.577318											-0.160323													-0.191088																																				0.000000	0.000000																																									-10.963808	
 5 	 21	0.000000														0.000000																				1.698000	7.676064			0.000117	1.635274	0.604223	0.072283												0.000000											-0.577318											-0.106882													-0.191088																																				0.000000	0.000000																																									-10.810673	
 5 	 22	0.000000														0.000000																				1.698000	7.410915			0.000000	1.884108	0.555483	0.072215												0.000000											-0.577318											-0.068404													-0.191088																																				0.000000	0.000000																																									-10.783909	
 5 	 23	0.000000														0.000000																				1.698000	7.410353			0.000000	1.880737	0.590808	0.072147												0.000000											-0.609125											-0.042753													-0.191088																																				0.000000	0.000000																																									-10.809079	
 5 	 24	0.000000														0.000000																				1.698000	8.055656			0.000000	1.727199	0.795871	0.072080												0.000000											-1.456772											-0.017101													-0.191088																																				0.000000	0.000000																																									-10.683845	
 6 	 1	0.000000														0.000000																				1.698000	6.994310			0.000000	1.025812	1.233510	0.061412												0.000000											-0.544414											-0.010688													-0.191088																																				0.000000	0.000000																																									-10.266853	
 6 	 2	0.000000														0.000000																				1.698000	7.315927			0.000000	1.472884	1.597580	0.061427												0.000000											-1.761320											-0.004275													-0.191088																																				0.000000	0.000000																																									-10.189135	
 6 	 3	0.000000														0.000000																				1.698000	7.209115			0.000000	1.804324	1.387294	0.061441												0.000000											-1.900614											-0.002138													-0.191088																																				0.000000	0.000000																																									-10.066335	
 6 	 4	0.000000														0.000000																				1.698000	7.163858			0.000000	2.058338	1.356236	0.061455												0.000000											-2.074731											-0.025652													-0.191088																																				0.000000	0.000000																																									-10.046417	
 6 	 5	0.000000														0.000000																				1.698000	6.726588			0.000000	2.249588	1.725751	0.061471												0.000000											-2.179202											-0.068404													-0.191088																																				0.000000	0.000000																																									-10.022704	
 6 	 6	0.000000														0.000000																				1.698000	6.113136			0.000000	2.546687	2.176805	0.061485												0.000000											-2.179202											-0.171011													-0.191088																																				0.000000	0.000000																																									-10.054811	
 6 	 7	0.000000														0.000000																				1.698000	6.228797			0.130389	2.419351	2.190076	0.061499												0.000000											-2.039908											-0.331333													-0.191088																																				0.000000	0.000000																																									-10.165783	
 6 	 8	0.000000														0.000000																				1.698000	6.455887			0.870099	1.639577	1.875596	0.061514												0.000000											-1.935436											-0.288580													-0.191088																																				0.000000	0.000000																																									-10.185568	
 6 	 9	0.000000														0.000000																				1.698000	5.764356			2.086343	1.107651	1.726602	0.061528												0.000000											-1.587201											-0.267205													-0.191088																																				0.000000	0.000000																																									-10.398986	
 6 	 10	0.000000														0.000000																				1.698000	4.092699			3.641598	0.955758	1.745881	0.061542												0.000000											-1.134495											-0.299270													-0.191088																																				0.000000	0.000000																																									-10.570625	
 6 	 11	0.000000														0.000000																				1.698000	2.814601			5.247099	1.022249	1.280744	0.061559												0.000000											-0.855907											-0.342021													-0.191088																																				0.000000	0.000000																																									-10.735236	
 6 	 12	0.000000														0.000000																				1.698000	1.956040			6.176662	1.094385	0.973201	0.061574												0.000000											-0.577318											-0.376224													-0.191088																																				0.000000	0.000000																																									-10.815232	
 6 	 13	0.000000														0.000000																				1.698000	2.019461			5.722483	1.247375	1.137548	0.061588												0.000000											-0.577318											-0.342021													-0.191088																																				0.000000	0.000000																																									-10.776027	
 6 	 14	0.000000														0.000000																				1.698000	1.939002			5.456618	1.297777	1.315794	0.061602												0.000000											-0.577318											-0.346297													-0.191088																																				0.000000	0.000000																																									-10.654091	
 6 	 15	0.000000														0.000000																				1.698000	1.912667			5.314418	1.308329	1.364194	0.061616												0.000000											-0.577318											-0.389050													-0.191088																																				0.000000	0.000000																																									-10.501768	
 6 	 16	0.000000														0.000000																				1.698000	2.885509			4.686251	1.193902	1.135297	0.061632												0.000000											-0.577318											-0.406152													-0.191088																																				0.000000	0.000000																																									-10.486034	
 6 	 17	0.000000														0.000000																				1.698000	4.787035			3.484819	1.035377	1.303518	0.061646												0.000000											-1.227153											-0.406152													-0.191088																																				0.000000	0.000000																																									-10.546002	
 6 	 18	0.000000														0.000000																				1.698000	8.055656			1.735403	0.876440	1.216927	0.061661												0.000000											-2.515436											-0.299270													-0.191088																																				0.000000	0.000000																																									-10.638293	
 6 	 19	0.000000														0.000000																				1.698000	8.055656			0.339830	0.780322	1.536289	0.061675												0.000000											-1.385610											-0.213764													-0.191088																																				0.000000	0.000000																																									-10.681310	
 6 	 20	0.000000														0.000000																				1.698000	8.055656			0.003118	0.800658	1.512324	0.061689												0.000000											-1.086450											-0.160323													-0.191088																																				0.000000	0.000000																																									-10.693585	
 6 	 21	0.000000														0.000000																				1.698000	8.055656			0.000000	1.107870	1.239727	0.061706												0.000000											-1.011941											-0.106882													-0.191088																																				0.000000	0.000000																																									-10.853048	
 6 	 22	0.000000														0.000000																				1.698000	8.055656			0.000000	0.882908	1.270052	0.061721												0.000000											-0.864528											-0.068404													-0.191088																																				0.000000	0.000000																																									-10.844316	
 6 	 23	0.000000														0.000000																				1.698000	8.055656			0.000000	0.634102	0.973869	0.061735												0.000000											-0.498452											-0.042753													-0.191088																																				0.000000	0.000000																																									-10.691069	
 6 	 24	0.000000														0.000000																				1.698000	8.055656			0.000000	0.582384	1.026457	0.061749												0.000000											-0.741131											-0.017101													-0.191088																																				0.000000	0.000000																																									-10.474925	
 7 	 1	0.000000														0.000000																				1.698000	8.055656			0.000000	2.959801	0.880721	0.047434												-0.109621											-2.633835											-0.010688													-0.191088																																				0.000000	0.000000																																									-10.696381	
 7 	 2	1.470437														0.000000																				1.698000	8.055656			0.000000	2.557704	0.611696	0.047392												0.000000											-3.676625											-0.004275													-0.191088																																				0.000000	0.000000																																									-10.568897	
 7 	 3	2.171494														0.000000																				1.698000	8.055656			0.000000	2.039728	0.480515	0.047350												0.000000											-3.815903											-0.002138													-0.191088																																				0.000000	0.000000																																									-10.483614	
 7 	 4	2.594027														0.000000																				1.698000	8.055656			0.000000	1.795718	0.328248	0.047306												0.000000											-3.885552											-0.025652													-0.191088																																				0.000000	0.000000																																									-10.416664	
 7 	 5	2.771817														0.000000																				1.698000	8.055656			0.000000	1.823482	0.280817	0.047263												0.000000											-3.955202											-0.068404													-0.191088																																				0.000000	0.000000																																									-10.462342	
 7 	 6	3.350080														0.000000																				1.698000	8.055656			0.000000	1.624065	0.224211	0.047221												0.000000											-3.990026											-0.171011													-0.191088																																				0.000000	0.000000																																									-10.647108	
 7 	 7	5.379503														0.000000																				1.698000	8.055656			0.007564	1.633000	0.195902	0.047177												-1.298449											-3.990026											-0.331333													-0.191088																																				0.000000	0.000000																																									-11.205906	
 7 	 8	5.142917														0.000000																				1.698000	8.055656			1.498328	1.404557	0.273553	0.047135												-2.122707											-3.781079											-0.288580													-0.191088																																				0.000000	0.000000																																									-11.736692	
 7 	 9	0.742773														0.000000																				1.698000	8.055656			5.654474	1.082628	0.325958	0.047091												-1.927213											-3.432853											-0.267205													-0.191088																																				0.000000	0.000000																																									-11.788221	
 7 	 10	0.000000														0.000000																				1.698000	5.868987			9.762389	0.570517	0.330735	0.047049												-2.804283											-3.049783											-0.299270													-0.191088																																				0.000000	0.000000																																									-11.933252	
 7 	 11	0.000000														0.000000																				1.698000	2.590010			12.763548	0.368468	0.500579	0.047006												-2.804283											-2.701557											-0.342021													-0.191088																																				0.000000	0.000000																																									-11.928661	
 7 	 12	0.000000														0.000000																				1.698000	0.547642			14.452417	0.420323	0.636668	0.046963												-2.804283											-2.489585											-0.376224													-0.191088																																				0.000000	0.000000																																									-11.940832	
 7 	 13	0.000000														0.000000																				1.698000	1.866454			14.757975	0.528062	0.472505	0.046920												-2.804283											-4.175147											-0.342021													-0.191088																																				0.000000	0.000000																																									-11.857377	
 7 	 14	0.000000														0.000000																				1.698000	2.489898			14.037364	0.555607	0.395586	0.046878												-2.804283											-4.070676											-0.346297													-0.191088																																				0.000000	0.000000																																									-11.810988	
 7 	 15	0.000000														0.000000																				1.698000	4.404802			12.136090	0.611929	0.285686	0.046834												-2.804283											-4.001029											-0.389050													-0.191088																																				0.000000	0.000000																																									-11.797891	
 7 	 16	0.000000														0.000000																				1.698000	7.482669			8.985770	0.667896	0.406659	0.046792												-2.804283											-4.105500											-0.406152													-0.191088																																				0.000000	0.000000																																									-11.780762	
 7 	 17	0.000000														0.000000																				1.698000	8.055656			4.806008	0.827764	0.500762	0.046749												-2.304039											-1.426697											-0.406152													-0.191088																																				0.000000	0.000000																																									-11.606964	
 7 	 18	0.300780														0.000000																				1.698000	8.055656			1.119478	0.834644	0.491103	0.046706												0.000000											-0.566316											-0.299270													-0.191088																																				0.000000	0.000000																																									-11.489692	
 7 	 19	0.871021														0.000000																				1.698000	8.055656			0.021210	1.405626	0.466340	0.046666												0.000000											-0.670787											-0.213764													-0.191088																																				0.000000	0.000000																																									-11.488880	
 7 	 20	0.355388														0.000000																				1.698000	8.055656			0.000000	2.077934	0.417627	0.046623												0.000000											-0.775261											-0.160323													-0.191088																																				0.000000	0.000000																																									-11.524557	
 7 	 21	1.114206														0.000000																				1.698000	8.055656			0.000000	2.345597	0.545994	0.046581												0.000000											-1.934228											-0.106882													-0.191088																																				0.000000	0.000000																																									-11.573836	
 7 	 22	1.819042														0.000000																				1.698000	8.055656			0.000000	2.246519	0.785715	0.046537												0.000000											-3.014958											-0.068404													-0.191088																																				0.000000	0.000000																																									-11.377019	
 7 	 23	1.953214														0.000000																				1.698000	8.055656			0.000000	1.945309	0.872018	0.046495												0.000000											-3.084607											-0.042753													-0.191088																																				0.000000	0.000000																																									-11.252244	
 7 	 24	3.437459														0.000000																				1.698000	8.055656			0.000000	1.425606	0.828500	0.046452												0.000000											-4.204553											-0.017101													-0.191088																																				0.000000	0.000000																																									-11.078931	
 8 	 1	0.000000														0.000000																				1.698000	3.625754			0.000000	3.871789	3.203536	0.051671												0.000000											-1.623946											-0.010688													-0.191088																																				0.000000	0.000000																																									-10.625028	
 8 	 2	0.000000														0.000000																				1.698000	4.700162			0.000000	3.708084	3.239594	0.051822												0.000000											-2.701557											-0.004275													-0.191088																																				0.000000	0.000000																																									-10.500742	
 8 	 3	0.000000														0.000000																				1.698000	4.696527			0.000000	3.791019	3.261111	0.051974												0.000000											-2.910505											-0.002138													-0.191088																																				0.000000	0.000000																																									-10.394900	
 8 	 4	0.000000														0.000000																				1.698000	4.087833			0.000000	4.331524	3.389701	0.052126												0.000000											-3.014958											-0.025652													-0.191088																																				0.000000	0.000000																																									-10.327486	
 8 	 5	0.000000														0.000000																				1.698000	3.723795			0.000000	5.024498	3.243560	0.052277												0.000000											-3.084607											-0.068404													-0.191088																																				0.000000	0.000000																																									-10.398030	
 8 	 6	0.000000														0.000000																				1.698000	4.561268			0.000000	4.883321	2.959405	0.052429												0.000000											-3.189081											-0.171011													-0.191088																																				0.000000	0.000000																																									-10.603244	
 8 	 7	0.000000														0.000000																				1.698000	5.878684			0.000000	4.682369	2.515759	0.052577												0.000000											-3.189081											-0.331333													-0.191088																																				0.000000	0.000000																																									-11.115887	
 8 	 8	0.000000														0.000000																				1.698000	6.853094			0.321514	4.179549	2.068331	0.052728												-0.152010											-2.910505											-0.288580													-0.191088																																				0.000000	0.000000																																									-11.631034	
 8 	 9	0.000000														0.000000																				1.698000	7.050057			1.428155	3.817193	1.551576	0.052880												-1.242959											-2.214025											-0.267205													-0.191088																																				0.000000	0.000000																																									-11.682583	
 8 	 10	0.000000														0.000000																				1.698000	4.955168			2.153077	3.951819	1.777894	0.053032												-0.851959											-1.517554											-0.299270													-0.191088																																				0.000000	0.000000																																									-11.729121	
 8 	 11	0.000000														0.000000																				1.698000	3.927380			2.516588	4.034316	1.489852	0.053184												-0.519608											-0.925554											-0.342021													-0.191088																																				0.000000	0.000000																																									-11.741048	
 8 	 12	0.000000														0.000000																				1.698000	2.544958			2.977697	4.260621	1.705452	0.053335												-0.324108											-0.577318											-0.376224													-0.191088																																				0.000000	0.000000																																									-11.771324	
 8 	 13	0.000000														0.000000																				1.698000	2.685720			2.755130	4.404620	1.527821	0.053483												-0.324108											-0.577318											-0.342021													-0.191088																																				0.000000	0.000000																																									-11.690239	
 8 	 14	0.000000														0.000000																				1.698000	2.713535			2.439813	4.506138	1.763510	0.053634												-0.324108											-0.577318											-0.346297													-0.191088																																				0.000000	0.000000																																									-11.735820	
 8 	 15	0.000000														0.000000																				1.698000	3.174433			1.748533	4.343611	2.051500	0.053786												-0.324108											-0.577318											-0.389050													-0.191088																																				0.000000	0.000000																																									-11.588298	
 8 	 16	0.000000														0.000000																				1.698000	4.189533			1.106929	4.096449	1.929428	0.053938												-0.324108											-0.577318											-0.406152													-0.191088																																				0.000000	0.000000																																									-11.575612	
 8 	 17	0.000000														0.000000																				1.698000	4.433586			0.536576	4.069453	2.221069	0.054090												-0.324108											-0.577318											-0.406152													-0.191088																																				0.000000	0.000000																																									-11.514106	
 8 	 18	0.000000														0.000000																				1.698000	5.333605			0.100025	3.966592	2.086654	0.054238												-0.421858											-0.751436											-0.299270													-0.191088																																				0.000000	0.000000																																									-11.575461	
 8 	 19	0.000000														0.000000																				1.698000	7.539340			0.000597	4.290550	1.837235	0.054389												-2.319128											-0.960376											-0.213764													-0.191088																																				0.000000	0.000000																																									-11.735755	
 8 	 20	0.000000														0.000000																				1.698000	8.055656			0.000000	4.246232	1.736536	0.054540												-2.433486											-1.169318											-0.160323													-0.191088																																				0.000000	0.000000																																									-11.836750	
 8 	 21	0.000000														0.000000																				1.698000	8.055656			0.000000	2.978987	2.134269	0.054692												-1.546760											-1.378259											-0.106882													-0.191088																																				0.000000	0.000000																																									-11.698615	
 8 	 22	0.000000														0.000000																				1.698000	8.055656			0.000000	2.536628	2.056238	0.054844												-1.129548											-1.587201											-0.068404													-0.191088																																				0.000000	0.000000																																									-11.425125	
 8 	 23	0.000000														0.000000																				1.698000	8.055656			0.000000	2.415788	2.167787	0.054996												-0.788599											-2.070637											-0.042753													-0.191088																																				0.000000	0.000000																																									-11.299150	
 8 	 24	0.000000														0.000000																				1.698000	8.055656			0.000000	1.972497	2.142933	0.055144												0.000000											-2.643849											-0.017101													-0.191088																																				0.000000	0.000000																																									-11.072192	
 9 	 1	5.077942														0.000000																				1.698000	8.055656			0.000000	0.632047	1.415120	0.040847												-2.804283											-2.842762											-0.010688													-0.191088																																				0.000000	0.000000																																									-11.070790	
 9 	 2	6.058003														0.000000																				1.698000	8.055656			0.000000	0.478948	1.462747	0.040758												-2.804283											-3.920377											-0.004275													-0.191088																																				0.000000	0.000000																																									-10.874088	
 9 	 3	5.877357														0.000000																				1.698000	8.055656			0.000000	0.515235	1.634973	0.040671												-2.804283											-4.094500											-0.002138													-0.191088																																				0.000000	0.000000																																									-10.729884	
 9 	 4	6.180976														0.000000																				1.698000	8.055656			0.000000	0.663812	1.215186	0.040583												-2.804283											-4.164149											-0.025652													-0.191088																																				0.000000	0.000000																																									-10.669042	
 9 	 5	6.003990														0.000000																				1.698000	8.055656			0.000000	0.886389	1.333869	0.040497												-2.804283											-4.233798											-0.068404													-0.191088																																				0.000000	0.000000																																									-10.720827	
 9 	 6	6.524168														0.000000																				1.698000	8.055656			0.000000	1.034500	1.038367	0.040409												-2.804283											-4.303447											-0.171011													-0.191088																																				0.000000	0.000000																																									-10.921270	
 9 	 7	7.306905														0.000000																				1.698000	8.055656			0.000000	1.242962	0.739750	0.040323												-2.804283											-4.338272											-0.331333													-0.191088																																				0.000000	0.000000																																									-11.418619	
 9 	 8	7.384317														0.000000																				1.698000	8.055656			0.052967	1.478174	0.797141	0.040235												-2.804283											-4.303447											-0.288580													-0.191088																																				0.000000	0.000000																																									-11.919090	
 9 	 9	6.129185														0.000000																				1.698000	8.055656			0.793595	1.644264	0.784275	0.040149												-2.804283											-3.850728											-0.267205													-0.191088																																				0.000000	0.000000																																									-12.031820	
 9 	 10	4.637410														0.000000																				1.698000	8.055656			1.938112	1.369859	0.943033	0.040061												-2.804283											-3.328379											-0.299270													-0.191088																																				0.000000	0.000000																																									-12.059111	
 9 	 11	3.342038														0.000000																				1.698000	8.055656			3.086787	1.174004	1.062187	0.039974												-2.804283											-3.049783											-0.342021													-0.191088																																				0.000000	0.000000																																									-12.071472	
 9 	 12	2.025896														0.000000																				1.698000	8.055656			4.280345	0.929885	1.104815	0.039886												-2.804283											-2.666732											-0.376224													-0.191088																																				0.000000	0.000000																																									-12.096155	
 9 	 13	0.551665														0.000000																				1.698000	8.055656			5.102752	0.747761	1.268363	0.039800												-2.804283											-2.179202											-0.342021													-0.191088																																				0.000000	0.000000																																									-11.947402	
 9 	 14	0.466539														0.000000																				1.698000	8.055656			5.383925	0.543931	0.959053	0.039712												-2.804283											-1.935436											-0.346297													-0.191088																																				0.000000	0.000000																																									-11.869711	
 9 	 15	1.754550														0.000000																				1.698000	8.055656			4.280460	0.401412	0.764238	0.039626												-2.804283											-1.830967											-0.389050													-0.191088																																				0.000000	0.000000																																									-11.778554	
 9 	 16	3.964881														0.000000																				1.698000	8.055656			2.297523	0.360711	0.624051	0.039540												-2.804283											-1.935436											-0.406152													-0.191088																																				0.000000	0.000000																																									-11.703403	
 9 	 17	5.502172														0.000000																				1.698000	8.055656			0.660562	0.531954	0.822650	0.039452												-2.804283											-2.214025											-0.406152													-0.191088																																				0.000000	0.000000																																									-11.694897	
 9 	 18	6.374247														0.000000																				1.698000	8.055656			0.023943	0.554812	0.865225	0.039366												-2.804283											-2.562261											-0.299270													-0.191088																																				0.000000	0.000000																																									-11.754347	
 9 	 19	6.696424														0.000000																				1.698000	8.055656			0.000000	0.627552	0.800884	0.039278												-2.804283											-2.806031											-0.213764													-0.191088																																				0.000000	0.000000																																									-11.902627	
 9 	 20	6.864348														0.000000																				1.698000	8.055656			0.000000	0.854514	0.596174	0.039191												-2.804283											-3.049783											-0.160323													-0.191088																																				0.000000	0.000000																																									-11.902407	
 9 	 21	6.452338														0.000000																				1.698000	8.055656			0.000000	1.340506	0.506940	0.039103												-2.804283											-3.293555											-0.106882													-0.191088																																				0.000000	0.000000																																									-11.696734	
 9 	 22	6.005240														0.000000																				1.698000	8.055656			0.000000	1.615102	0.598831	0.039017												-2.804283											-3.502502											-0.068404													-0.191088																																				0.000000	0.000000																																									-11.445568	
 9 	 23	5.860347														0.000000																				1.698000	8.055656			0.000000	1.688527	0.937196	0.038928												-2.804283											-3.746254											-0.042753													-0.191088																																				0.000000	0.000000																																									-11.494276	
 9 	 24	6.982794														0.000000																				1.698000	8.055656			0.000000	1.512543	1.106700	0.038843												-2.804283											-4.901025											-0.017101													-0.191088																																				0.000000	0.000000																																									-11.481038	
 10 	 1	0.000000														0.000000																				1.698000	8.055656			0.000000	5.074791	3.339574	0.048397												-2.804283											-4.067809											-0.010688													-0.191088																																				0.000000	0.000000																																									-11.142549	
 10 	 2	0.000000														0.000000																				1.698000	8.055656			0.000000	5.470228	3.105481	0.048423												-2.804283											-4.439204											-0.004275													-0.191088																																				0.000000	0.000000																																									-10.938937	
 10 	 3	0.474769														0.000000																				1.698000	8.055656			0.000000	5.530607	2.922863	0.048445												-2.804283											-4.895394											-0.002138													-0.191088																																				0.000000	0.000000																																									-10.837437	
 10 	 4	1.415953														0.000000																				1.698000	8.055656			0.000000	4.605134	2.882120	0.048471												-2.804283											-4.895445											-0.025652													-0.191088																																				0.000000	0.000000																																									-10.788866	
 10 	 5	3.175874														0.000000																				1.698000	8.055656			0.000000	3.802941	2.138954	0.048496												-2.804283											-5.034744											-0.068404													-0.191088																																				0.000000	0.000000																																									-10.821403	
 10 	 6	3.661053														0.000000																				1.698000	8.055656			0.000000	3.517519	2.158285	0.048522												-2.804283											-4.965094											-0.171011													-0.191088																																				0.000000	0.000000																																									-11.007559	
 10 	 7	4.623869														0.000000																				1.698000	8.055656			0.000000	3.279703	2.069483	0.048547												-2.804283											-4.999919											-0.331333													-0.191088																																				0.000000	0.000000																																									-11.448634	
 10 	 8	5.215740														0.000000																				1.698000	8.055656			0.001636	3.018974	2.074941	0.048574												-2.804283											-4.965094											-0.288580													-0.191088																																				0.000000	0.000000																																									-11.864475	
 10 	 9	4.916517														0.000000																				1.698000	8.055656			0.427986	2.864834	2.060073	0.048599												-2.804283											-4.895445											-0.267205													-0.191088																																				0.000000	0.000000																																									-11.913644	
 10 	 10	3.755387														0.000000																				1.698000	8.055656			1.377363	2.990196	2.227835	0.048624												-2.804283											-4.825796											-0.299270													-0.191088																																				0.000000	0.000000																																									-12.032624	
 10 	 11	2.872330														0.000000																				1.698000	8.055656			2.500382	2.843155	2.153783	0.048650												-2.804283											-4.756147											-0.342021													-0.191088																																				0.000000	0.000000																																									-12.078416	
 10 	 12	1.071457														0.000000																				1.698000	8.055656			3.852281	3.520780	1.959452	0.048675												-2.804283											-4.686498											-0.376224													-0.191088																																				0.000000	0.000000																																									-12.148207	
 10 	 13	0.000000														0.000000																				1.698000	8.055656			4.061973	4.997803	2.376411	0.048701												-2.804283											-5.784662											-0.342021													-0.191088																																				0.000000	0.000000																																									-12.116489	
 10 	 14	0.000000														0.000000																				1.698000	8.008843			3.458208	5.405929	2.848746	0.048726												-2.804283											-6.055620											-0.346297													-0.191088																																				0.000000	0.000000																																									-12.071163	
 10 	 15	0.000000														0.000000																				1.698000	8.055656			2.101708	5.214186	3.185069	0.048752												-2.804283											-4.979040											-0.389050													-0.191088																																				0.000000	0.000000																																									-11.939910	
 10 	 16	0.000000														0.000000																				1.698000	8.055656			0.733526	5.197906	3.267904	0.048777												-2.804283											-3.783865											-0.406152													-0.191088																																				0.000000	0.000000																																									-11.816381	
 10 	 17	0.000000														0.000000																				1.698000	8.055656			0.071328	5.576734	3.410864	0.048803												-2.804283											-3.662146											-0.406152													-0.191088																																				0.000000	0.000000																																									-11.797716	
 10 	 18	0.000000														0.000000																				1.698000	8.055656			0.001501	5.834694	3.433860	0.048828												-2.804283											-3.644317											-0.299270													-0.191088																																				0.000000	0.000000																																									-12.133581	
 10 	 19	0.000000														0.000000																				1.698000	8.055656			0.000000	5.940734	3.449225	0.048853												-2.804283											-3.695275											-0.213764													-0.191088																																				0.000000	0.000000																																									-12.288059	
 10 	 20	0.000000														0.000000																				1.698000	8.055656			0.000000	6.133464	3.443480	0.048880												-2.804283											-4.143955											-0.160323													-0.191088																																				0.000000	0.000000																																									-12.079830	
 10 	 21	0.000000														0.000000																				1.698000	8.055656			0.000000	5.999112	3.478464	0.048905												-2.804283											-4.341768											-0.106882													-0.191088																																				0.000000	0.000000																																									-11.836115	
 10 	 22	0.000000														0.000000																				1.698000	8.055656			0.000000	5.489550	3.486029	0.048931												-2.804283											-4.138012											-0.068404													-0.191088																																				0.000000	0.000000																																									-11.576378	
 10 	 23	0.000000														0.000000																				1.698000	8.055656			0.000000	4.684945	3.470546	0.048956												-2.804283											-3.318532											-0.042753													-0.191088																																				0.000000	0.000000																																									-11.601446	
 10 	 24	0.000000														0.000000																				1.698000	8.055656			0.000000	4.601955	3.419188	0.048982												-2.804283											-3.313461											-0.017101													-0.191088																																				0.000000	0.000000																																									-11.497847	
 11 	 1	0.000000														0.000000																				1.698000	8.055656			0.000000	6.741088	3.306147	0.038710												-2.804283											-5.121218											-0.010688													-0.191088																																				0.000000	0.000000																																									-11.712323	
 11 	 2	0.252882														0.000000																				1.698000	8.055656			0.000000	6.957160	3.309458	0.038699												-2.804283											-5.788056											-0.004275													-0.191088																																				0.000000	0.000000																																									-11.524152	
 11 	 3	0.687470														0.000000																				1.698000	8.055656			0.000000	7.029472	3.353683	0.038687												-2.804283											-6.482941											-0.002138													-0.191088																																				0.000000	0.000000																																									-11.382517	
 11 	 4	0.666565														0.000000																				1.698000	8.055656			0.000000	7.289670	3.330399	0.038673												-2.804283											-6.729716											-0.025652													-0.191088																																				0.000000	0.000000																																									-11.328225	
 11 	 5	1.006750														0.000000																				1.698000	8.055656			0.000000	7.012472	3.343265	0.038662												-2.804283											-6.729716											-0.068404													-0.191088																																				0.000000	0.000000																																									-11.361312	
 11 	 6	2.274305														0.000000																				1.698000	8.055656			0.000000	6.033469	3.343422	0.038650												-2.804283											-6.729716											-0.171011													-0.191088																																				0.000000	0.000000																																									-11.547404	
 11 	 7	2.671116														0.000000																				1.698000	8.055656			0.000000	6.449526	3.167767	0.038639												-2.804283											-6.729716											-0.331333													-0.191088																																				0.000000	0.000000																																									-12.024283	
 11 	 8	3.226406														0.000000																				1.698000	8.055656			0.000000	6.549505	2.937914	0.038628												-2.804283											-6.729716											-0.288580													-0.191088																																				0.000000	0.000000																																									-12.492443	
 11 	 9	4.008558														0.000000																				1.698000	8.055656			0.000847	5.697781	3.116841	0.038614												-2.804283											-6.729716											-0.267205													-0.191088																																				0.000000	0.000000																																									-12.624005	
 11 	 10	4.199465														0.000000																				1.698000	8.055656			0.158457	5.310428	3.201809	0.038602												-2.804283											-6.706263											-0.299270													-0.191088																																				0.000000	0.000000																																									-12.661513	
 11 	 11	3.574912														0.000000																				1.698000	8.055656			0.467288	5.240481	3.304799	0.038591												-2.804283											-6.392862											-0.342021													-0.191088																																				0.000000	0.000000																																									-12.649473	
 11 	 12	3.229343														0.000000																				1.698000	8.055656			0.832030	4.965697	3.295349	0.038581												-2.804283											-6.079440											-0.376224													-0.191088																																				0.000000	0.000000																																									-12.663620	
 11 	 13	3.223387														0.000000																				1.698000	8.055656			1.061930	4.451904	3.349494	0.038569												-2.804283											-5.940142											-0.342021													-0.191088																																				0.000000	0.000000																																									-12.601405	
 11 	 14	3.890532														0.000000																				1.698000	8.055656			1.192172	3.651130	3.293464	0.038554												-2.804283											-5.870493											-0.346297													-0.191088																																				0.000000	0.000000																																									-12.607348	
 11 	 15	4.861815														0.000000																				1.698000	8.055656			0.873006	3.087223	3.278269	0.038543												-2.804283											-5.940142											-0.389050													-0.191088																																				0.000000	0.000000																																									-12.567949	
 11 	 16	5.957279														0.000000																				1.698000	8.055656			0.250533	2.882509	3.240222	0.038532												-2.804283											-6.149090											-0.406152													-0.191088																																				0.000000	0.000000																																									-12.572118	
 11 	 17	5.935833														0.000000																				1.698000	8.055656			0.014089	3.813418	2.912340	0.038521												-2.804283											-6.427686											-0.406152													-0.191088																																				0.000000	0.000000																																									-12.638648	
 11 	 18	4.300393														0.000000																				1.698000	8.055656			0.000000	5.676297	2.823826	0.038510												-2.804283											-6.392862											-0.299270													-0.191088																																				0.000000	0.000000																																									-12.905179	
 11 	 19	2.356185														0.000000																				1.698000	8.055656			0.000000	7.360577	2.874621	0.038496												-2.804283											-6.358037											-0.213764													-0.191088																																				0.000000	0.000000																																									-12.816362	
 11 	 20	0.908312														0.000000																				1.698000	8.055656			0.000000	8.217081	3.179690	0.038484												-2.804283											-6.323213											-0.160323													-0.191088																																				0.000000	0.000000																																									-12.618316	
 11 	 21	1.147058														0.000000																				1.698000	8.055656			0.000000	7.529740	3.306108	0.038473												-2.804283											-6.323213											-0.106882													-0.191088																																				0.000000	0.000000																																									-12.349568	
 11 	 22	2.142775														0.000000																				1.698000	8.055656			0.000000	6.332620	3.159260	0.038462												-2.804283											-6.288388											-0.068404													-0.191088																																				0.000000	0.000000																																									-12.074609	
 11 	 23	3.236557														0.000000																				1.698000	8.055656			0.000000	5.651857	3.221847	0.038450												-2.804283											-6.692022											-0.042753													-0.191088																																				0.000000	0.000000																																									-12.172220	
 11 	 24	4.547490														0.000000																				1.698000	8.055656			0.000000	4.311814	3.209950	0.038436												-2.804283											-6.729716											-0.017101													-0.191088																																				0.000000	0.000000																																									-12.119156	
 12 	 1	8.308864														0.000000																				1.698000	8.055656			0.000000	2.223599	0.874125	0.032586												-2.804283											-6.729716											-0.010688													-0.191088																																				0.000000	0.000000																																									-11.457054	
 12 	 2	8.406482														0.000000																				1.698000	8.055656			0.000000	2.062592	0.730104	0.032592												-2.804283											-6.729716											-0.004275													-0.191088																																				0.000000	0.000000																																									-11.256062	
 12 	 3	8.481631														0.000000																				1.698000	8.055656			0.000000	2.024379	0.536924	0.032598												-2.804283											-6.729716											-0.002138													-0.191088																																				0.000000	0.000000																																									-11.101963	
 12 	 4	7.751941														0.000000																				1.698000	8.055656			0.000000	2.655694	0.516441	0.032604												-2.804283											-6.729716											-0.025652													-0.191088																																				0.000000	0.000000																																									-10.959598	
 12 	 5	7.061248														0.000000																				1.698000	8.055656			0.000000	3.398101	0.441094	0.032609												-2.804283											-6.729716											-0.068404													-0.191088																																				0.000000	0.000000																																									-10.893216	
 12 	 6	6.261804														0.000000																				1.698000	8.055656			0.000000	4.099585	0.640608	0.032615												-2.804283											-6.729716											-0.171011													-0.191088																																				0.000000	0.000000																																									-10.892169	
 12 	 7	5.166010														0.000000																				1.698000	8.055656			0.000000	5.144592	0.929854	0.032620												-2.804283											-6.729716											-0.331333													-0.191088																																				0.000000	0.000000																																									-10.970311	
 12 	 8	4.557101														0.000000																				1.698000	8.055656			0.000000	5.315207	1.324589	0.032626												-2.804283											-6.729716											-0.288580													-0.191088																																				0.000000	0.000000																																									-10.969512	
 12 	 9	4.987898														0.000000																				1.698000	8.055656			0.003407	5.051979	1.276884	0.032632												-2.804283											-6.729716											-0.267205													-0.191088																																				0.000000	0.000000																																									-11.114163	
 12 	 10	4.476392														0.000000																				1.698000	8.055656			0.943121	4.701015	1.427409	0.032638												-2.804283											-6.729716											-0.299270													-0.191088																																				0.000000	0.000000																																									-11.309874	
 12 	 11	2.982768														0.000000																				1.698000	8.055656			2.774145	4.285846	1.705334	0.032643												-2.804283											-6.729716											-0.342021													-0.191088																																				0.000000	0.000000																																									-11.467284	
 12 	 12	0.788784														0.000000																				1.698000	8.055656			4.831278	3.821499	2.472857	0.032648												-2.804283											-6.729716											-0.376224													-0.191088																																				0.000000	0.000000																																									-11.599411	
 12 	 13	0.293759														0.000000																				1.698000	8.055656			6.457095	3.475045	1.681409	0.032654												-2.804283											-6.729716											-0.342021													-0.191088																																				0.000000	0.000000																																									-11.626509	
 12 	 14	1.605091														0.000000																				1.698000	8.055656			6.074781	2.698022	1.406521	0.032660												-2.804283											-6.729716											-0.346297													-0.191088																																				0.000000	0.000000																																									-11.499347	
 12 	 15	3.812093														0.000000																				1.698000	8.055656			3.721713	2.846291	1.346211	0.032666												-2.804283											-6.729716											-0.389050													-0.191088																																				0.000000	0.000000																																									-11.398492	
 12 	 16	5.271260														0.000000																				1.698000	8.055656			1.468938	2.923407	2.067991	0.032671												-2.804283											-6.729716											-0.406152													-0.191088																																				0.000000	0.000000																																									-11.386685	
 12 	 17	5.501425														0.000000																				1.698000	8.055656			0.141886	3.785824	2.396252	0.032677												-2.804283											-6.729716											-0.406152													-0.191088																																				0.000000	0.000000																																									-11.480481	
 12 	 18	4.657685														0.000000																				1.698000	8.055656			0.000000	4.488121	2.947390	0.032682												-2.804283											-6.729716											-0.299270													-0.191088																																				0.000000	0.000000																																									-11.855178	
 12 	 19	3.446008														0.000000																				1.698000	8.055656			0.000000	5.497797	3.160438	0.032689												-2.804283											-6.729716											-0.213764													-0.191088																																				0.000000	0.000000																																									-11.951736	
 12 	 20	3.100689														0.000000																				1.698000	8.055656			0.000000	6.043251	2.864962	0.032694												-2.804283											-6.729716											-0.160323													-0.191088																																				0.000000	0.000000																																									-11.909841	
 12 	 21	3.011009														0.000000																				1.698000	8.055656			0.000000	5.877045	2.929093	0.032700												-2.804283											-6.729716											-0.106882													-0.191088																																				0.000000	0.000000																																									-11.771534	
 12 	 22	3.029381														0.000000																				1.698000	8.055656			0.000000	5.611549	2.972676	0.032705												-2.804283											-6.729716											-0.068404													-0.191088																																				0.000000	0.000000																																									-11.606476	
 12 	 23	3.579302														0.000000																				1.698000	8.055656			0.000000	5.030987	3.055354	0.032711												-2.804283											-6.729716											-0.042753													-0.191088																																				0.000000	0.000000																																									-11.684169	
 12 	 24	3.004673														0.000000																				1.698000	8.055656			0.000000	5.619803	3.051767	0.032717												-2.804283											-6.729716											-0.017101													-0.191088																																				0.000000	0.000000																																									-11.720427	