Td 	 Time	ELECTRICITY	GASOLINE	DIESEL	BIOETHANOL	BIODIESEL	LFO	NG	SLF	SNG	WET_BIOMASS	COAL	URANIUM	WASTE	H2	ELEC_EXPORT	CO2_EMISSIONS	RES_WIND	RES_SOLAR	RES_HYDRO	RES_GEO	CO2_ATM	CO2_INDUSTRY	CO2_CAPTURED	WOOD	WOOD1	WOOD2	WOOD3	WOOD4	WOOD5	WOOD6	WOOD7	WOOD8	WOOD9	WOOD10	NUCLEAR	CCGT	COAL_US	COAL_IGCC	PV	WIND_ONSHORE	WIND_OFFSHORE	HYDRO_RIVER	GEOTHERMAL	Biomass_power_only	IND_COGEN_GAS	IND_COGEN_WOOD	IND_COGEN_WASTE	IND_BOILER_GAS	IND_BOILER_WOOD	IND_BOILER_OIL	IND_BOILER_COAL	IND_BOILER_WASTE	IND_DIRECT_ELEC	DHN_HP_ELEC	DHN_COGEN_GAS	DHN_COGEN_WOOD	DHN_COGEN_WET_BIOMASS	DHN_COGEN_BIO_HYDROLYSIS	DHN_COGEN_WASTE	DHN_BOILER_GAS	DHN_BOILER_WOOD	DHN_BOILER_OIL	DHN_DEEP_GEO	DHN_SOLAR	DEC_HP_ELEC	DEC_THHP_GAS	DEC_COGEN_GAS	DEC_COGEN_OIL	DEC_ADVCOGEN_GAS	DEC_ADVCOGEN_H2	DEC_BOILER_GAS	DEC_BOILER_WOOD	DEC_BOILER_OIL	DEC_SOLAR	DEC_DIRECT_ELEC	TRAMWAY_TROLLEY	BUS_COACH_DIESEL	BUS_COACH_HYDIESEL	BUS_COACH_CNG_STOICH	BUS_COACH_FC_HYBRIDH2	TRAIN_PUB	CAR_GASOLINE	CAR_DIESEL	CAR_NG	CAR_HEV	CAR_PHEV	CAR_BEV	CAR_FUEL_CELL	TRAIN_FREIGHT	BOAT_FREIGHT_DIESEL	BOAT_FREIGHT_NG	TRUCK_DIESEL	TRUCK_FUEL_CELL	TRUCK_NG	TRUCK_ELEC	NON_ENERGY_NG	NON_ENERGY_OIL	EFFICIENCY	DHN	GRID	MOTORWAYS	ROADS	RAILWAYS	H2_ELECTROLYSIS	H2_NG	H2_BIOMASS	GASIFICATION_SNG	PYROLYSIS	ATM_CCS	INDUSTRY_CCS	SYN_METHANOLATION	SYN_METHANATION	BIOMETHANATION	BIO_HYDROLYSIS	METHANE_TO_METHANOL	SLF_TO_DIESEL	SLF_TO_GASOLINE	SLF_TO_LFO	SLF_biomass_gasif	SLF_biomass_gasif_H2	SLF_pyrolysis_upgrade_2	SLF_pyrolysis_upgrade_2b	Cellulosic_ethanol	GASIFICATION_SNG_H2	PHS_Pin	PHS_Pout	BATT_LI_Pin	BATT_LI_Pout	BEV_BATT_Pin	BEV_BATT_Pout	PHEV_BATT_Pin	PHEV_BATT_Pout	TS_DEC_HP_ELEC_Pin	TS_DEC_HP_ELEC_Pout	TS_DEC_DIRECT_ELEC_Pin	TS_DEC_DIRECT_ELEC_Pout	TS_DHN_DAILY_Pin	TS_DHN_DAILY_Pout	TS_DHN_SEASONAL_Pin	TS_DHN_SEASONAL_Pout	TS_DEC_THHP_GAS_Pin	TS_DEC_THHP_GAS_Pout	TS_DEC_COGEN_GAS_Pin	TS_DEC_COGEN_GAS_Pout	TS_DEC_COGEN_OIL_Pin	TS_DEC_COGEN_OIL_Pout	TS_DEC_ADVCOGEN_GAS_Pin	TS_DEC_ADVCOGEN_GAS_Pout	TS_DEC_ADVCOGEN_H2_Pin	TS_DEC_ADVCOGEN_H2_Pout	TS_DEC_BOILER_GAS_Pin	TS_DEC_BOILER_GAS_Pout	TS_DEC_BOILER_WOOD_Pin	TS_DEC_BOILER_WOOD_Pout	TS_DEC_BOILER_OIL_Pin	TS_DEC_BOILER_OIL_Pout	TS_HIGH_TEMP_Pin	TS_HIGH_TEMP_Pout	SEASONAL_NG_Pin	SEASONAL_NG_Pout	SEASONAL_H2_Pin	SEASONAL_H2_Pout	CO2_STORAGE_Pin	CO2_STORAGE_Pout	SLF_STO_Pin	SLF_STO_Pout	END_USE	
 1 	 1																			0.034779																							-0.034779																																																																																																																													0.000000	
 1 	 2																			0.034761																							-0.034761																																																																																																																													0.000000	
 1 	 3																			0.034741																							-0.034741																																																																																																																													0.000000	
 1 	 4																			0.034723																							-0.034723																																																																																																																													0.000000	
 1 	 5																			0.034706																							-0.034706																																																																																																																													0.000000	
 1 	 6																			0.034686																							-0.034686																																																																																																																													0.000000	
 1 	 7																			0.034669																							-0.034669																																																																																																																													0.000000	
 1 	 8																			0.034648																							-0.034648																																																																																																																													0.000000	
 1 	 9																			0.034631																							-0.034631																																																																																																																													0.000000	
 1 	 10																			0.034611																							-0.034611																																																																																																																													0.000000	
 1 	 11																			0.034594																							-0.034594																																																																																																																													0.000000	
 1 	 12																			0.034573																							-0.034573																																																																																																																													0.000000	
 1 	 13																			0.034555																							-0.034555																																																																																																																													0.000000	
 1 	 14																			0.034536																							-0.034536																																																																																																																													0.000000	
 1 	 15																			0.034518																							-0.034518																																																																																																																													0.000000	
 1 	 16																			0.034498																							-0.034498																																																																																																																													0.000000	
 1 	 17																			0.034480																							-0.034480																																																																																																																													0.000000	
 1 	 18																			0.034461																							-0.034461																																																																																																																													0.000000	
 1 	 19																			0.034443																							-0.034443																																																																																																																													0.000000	
 1 	 20																			0.034423																							-0.034423																																																																																																																													0.000000	
 1 	 21																			0.034405																							-0.034405																																																																																																																													0.000000	
 1 	 22																			0.034388																							-0.034388																																																																																																																													0.000000	
 1 	 23																			0.034368																							-0.034368																																																																																																																													0.000000	
 1 	 24																			0.034351																							-0.034351																																																																																																																													0.000000	
 2 	 1																			0.046764																							-0.046764																																																																																																																													0.000000	
 2 	 2																			0.046842																							-0.046842																																																																																																																													0.000000	
 2 	 3																			0.046920																							-0.046920																																																																																																																													0.000000	
 2 	 4																			0.046999																							-0.046999																																																																																																																													0.000000	
 2 	 5																			0.047081																							-0.047081																																																																																																																													0.000000	
 2 	 6																			0.047159																							-0.047159																																																																																																																													0.000000	
 2 	 7																			0.047236																							-0.047236																																																																																																																													0.000000	
 2 	 8																			0.047315																							-0.047315																																																																																																																													0.000000	
 2 	 9																			0.047393																							-0.047393																																																																																																																													0.000000	
 2 	 10																			0.047471																							-0.047471																																																																																																																													0.000000	
 2 	 11																			0.000000																							0.000000																																																																																																																													0.000000	
 2 	 12																			0.000000																							0.000000																																																																																																																													0.000000	
 2 	 13																			0.000000																							0.000000																																																																																																																													0.000000	
 2 	 14																			0.000000																							0.000000																																																																																																																													0.000000	
 2 	 15																			0.047864																							-0.047864																																																																																																																													0.000000	
 2 	 16																			0.047942																							-0.047942																																																																																																																													0.000000	
 2 	 17																			0.048019																							-0.048019																																																																																																																													0.000000	
 2 	 18																			0.048098																							-0.048098																																																																																																																													0.000000	
 2 	 19																			0.048176																							-0.048176																																																																																																																													0.000000	
 2 	 20																			0.048255																							-0.048255																																																																																																																													0.000000	
 2 	 21																			0.048336																							-0.048336																																																																																																																													0.000000	
 2 	 22																			0.048415																							-0.048415																																																																																																																													0.000000	
 2 	 23																			0.048492																							-0.048492																																																																																																																													0.000000	
 2 	 24																			0.048570																							-0.048570																																																																																																																													0.000000	
 3 	 1																			0.082672																							-0.082672																																																																																																																													0.000000	
 3 	 2																			0.082598																							-0.082598																																																																																																																													0.000000	
 3 	 3																			0.082522																							-0.082522																																																																																																																													0.000000	
 3 	 4																			0.082451																							-0.082451																																																																																																																													0.000000	
 3 	 5																			0.082376																							-0.082376																																																																																																																													0.000000	
 3 	 6																			0.082301																							-0.082301																																																																																																																													0.000000	
 3 	 7																			0.082229																							-0.082229																																																																																																																													0.000000	
 3 	 8																			0.082155																							-0.082155																																																																																																																													0.000000	
 3 	 9																			0.082080																							-0.082080																																																																																																																													0.000000	
 3 	 10																			0.082006																							-0.082006																																																																																																																													0.000000	
 3 	 11																			0.081934																							-0.081934																																																																																																																													0.000000	
 3 	 12																			0.081859																							-0.081859																																																																																																																													0.000000	
 3 	 13																			0.081785																							-0.081785																																																																																																																													0.000000	
 3 	 14																			0.081710																							-0.081710																																																																																																																													0.000000	
 3 	 15																			0.081638																							-0.081638																																																																																																																													0.000000	
 3 	 16																			0.081564																							-0.081564																																																																																																																													0.000000	
 3 	 17																			0.081489																							-0.081489																																																																																																																													0.000000	
 3 	 18																			0.081417																							-0.081417																																																																																																																													0.000000	
 3 	 19																			0.081343																							-0.081343																																																																																																																													0.000000	
 3 	 20																			0.081268																							-0.081268																																																																																																																													0.000000	
 3 	 21																			0.081194																							-0.081194																																																																																																																													0.000000	
 3 	 22																			0.081122																							-0.081122																																																																																																																													0.000000	
 3 	 23																			0.081047																							-0.081047																																																																																																																													0.000000	
 3 	 24																			0.080973																							-0.080973																																																																																																																													0.000000	
 4 	 1																			0.083354																							-0.083354																																																																																																																													0.000000	
 4 	 2																			0.083314																							-0.083314																																																																																																																													0.000000	
 4 	 3																			0.083247																							-0.083247																																																																																																																													0.000000	
 4 	 4																			0.083179																							-0.083179																																																																																																																													0.000000	
 4 	 5																			0.083112																							-0.083112																																																																																																																													0.000000	
 4 	 6																			0.083043																							-0.083043																																																																																																																													0.000000	
 4 	 7																			0.082975																							-0.082975																																																																																																																													0.000000	
 4 	 8																			0.082908																							-0.082908																																																																																																																													0.000000	
 4 	 9																			0.082839																							-0.082839																																																																																																																													0.000000	
 4 	 10																			0.082772																							-0.082772																																																																																																																													0.000000	
 4 	 11																			0.082704																							-0.082704																																																																																																																													0.000000	
 4 	 12																			0.082639																							-0.082639																																																																																																																													0.000000	
 4 	 13																			0.000000																							0.000000																																																																																																																													0.000000	
 4 	 14																			0.082504																							-0.082504																																																																																																																													0.000000	
 4 	 15																			0.082435																							-0.082435																																																																																																																													0.000000	
 4 	 16																			0.082368																							-0.082368																																																																																																																													0.000000	
 4 	 17																			0.082300																							-0.082300																																																																																																																													0.000000	
 4 	 18																			0.082233																							-0.082233																																																																																																																													0.000000	
 4 	 19																			0.082164																							-0.082164																																																																																																																													0.000000	
 4 	 20																			0.082097																							-0.082097																																																																																																																													0.000000	
 4 	 21																			0.082029																							-0.082029																																																																																																																													0.000000	
 4 	 22																			0.081960																							-0.081960																																																																																																																													0.000000	
 4 	 23																			0.081893																							-0.081893																																																																																																																													0.000000	
 4 	 24																			0.081825																							-0.081825																																																																																																																													0.000000	
 5 	 1																			0.073636																							-0.073636																																																																																																																													0.000000	
 5 	 2																			0.073568																							-0.073568																																																																																																																													0.000000	
 5 	 3																			0.073501																							-0.073501																																																																																																																													0.000000	
 5 	 4																			0.073433																							-0.073433																																																																																																																													0.000000	
 5 	 5																			0.073365																							-0.073365																																																																																																																													0.000000	
 5 	 6																			0.073297																							-0.073297																																																																																																																													0.000000	
 5 	 7																			0.073230																							-0.073230																																																																																																																													0.000000	
 5 	 8																			0.073162																							-0.073162																																																																																																																													0.000000	
 5 	 9																			0.073097																							-0.073097																																																																																																																													0.000000	
 5 	 10																			0.073029																							-0.073029																																																																																																																													0.000000	
 5 	 11																			0.072961																							-0.072961																																																																																																																													0.000000	
 5 	 12																			0.072893																							-0.072893																																																																																																																													0.000000	
 5 	 13																			0.072826																							-0.072826																																																																																																																													0.000000	
 5 	 14																			0.072758																							-0.072758																																																																																																																													0.000000	
 5 	 15																			0.072689																							-0.072689																																																																																																																													0.000000	
 5 	 16																			0.072622																							-0.072622																																																																																																																													0.000000	
 5 	 17																			0.072554																							-0.072554																																																																																																																													0.000000	
 5 	 18																			0.072486																							-0.072486																																																																																																																													0.000000	
 5 	 19																			0.072418																							-0.072418																																																																																																																													0.000000	
 5 	 20																			0.072351																							-0.072351																																																																																																																													0.000000	
 5 	 21																			0.072283																							-0.072283																																																																																																																													0.000000	
 5 	 22																			0.072215																							-0.072215																																																																																																																													0.000000	
 5 	 23																			0.072147																							-0.072147																																																																																																																													0.000000	
 5 	 24																			0.072080																							-0.072080																																																																																																																													0.000000	
 6 	 1																			0.061412																							-0.061412																																																																																																																													0.000000	
 6 	 2																			0.061427																							-0.061427																																																																																																																													0.000000	
 6 	 3																			0.061441																							-0.061441																																																																																																																													0.000000	
 6 	 4																			0.061455																							-0.061455																																																																																																																													0.000000	
 6 	 5																			0.061471																							-0.061471																																																																																																																													0.000000	
 6 	 6																			0.061485																							-0.061485																																																																																																																													0.000000	
 6 	 7																			0.061499																							-0.061499																																																																																																																													0.000000	
 6 	 8																			0.061514																							-0.061514																																																																																																																													0.000000	
 6 	 9																			0.061528																							-0.061528																																																																																																																													0.000000	
 6 	 10																			0.061542																							-0.061542																																																																																																																													0.000000	
 6 	 11																			0.061559																							-0.061559																																																																																																																													0.000000	
 6 	 12																			0.061574																							-0.061574																																																																																																																													0.000000	
 6 	 13																			0.061588																							-0.061588																																																																																																																													0.000000	
 6 	 14																			0.061602																							-0.061602																																																																																																																													0.000000	
 6 	 15																			0.061616																							-0.061616																																																																																																																													0.000000	
 6 	 16																			0.061632																							-0.061632																																																																																																																													0.000000	
 6 	 17																			0.061646																							-0.061646																																																																																																																													0.000000	
 6 	 18																			0.061661																							-0.061661																																																																																																																													0.000000	
 6 	 19																			0.061675																							-0.061675																																																																																																																													0.000000	
 6 	 20																			0.061689																							-0.061689																																																																																																																													0.000000	
 6 	 21																			0.061706																							-0.061706																																																																																																																													0.000000	
 6 	 22																			0.061721																							-0.061721																																																																																																																													0.000000	
 6 	 23																			0.061735																							-0.061735																																																																																																																													0.000000	
 6 	 24																			0.061749																							-0.061749																																																																																																																													0.000000	
 7 	 1																			0.047434																							-0.047434																																																																																																																													0.000000	
 7 	 2																			0.047392																							-0.047392																																																																																																																													0.000000	
 7 	 3																			0.047350																							-0.047350																																																																																																																													0.000000	
 7 	 4																			0.047306																							-0.047306																																																																																																																													0.000000	
 7 	 5																			0.047263																							-0.047263																																																																																																																													0.000000	
 7 	 6																			0.047221																							-0.047221																																																																																																																													0.000000	
 7 	 7																			0.047177																							-0.047177																																																																																																																													0.000000	
 7 	 8																			0.047135																							-0.047135																																																																																																																													0.000000	
 7 	 9																			0.047091																							-0.047091																																																																																																																													0.000000	
 7 	 10																			0.047049																							-0.047049																																																																																																																													0.000000	
 7 	 11																			0.047006																							-0.047006																																																																																																																													0.000000	
 7 	 12																			0.046963																							-0.046963																																																																																																																													0.000000	
 7 	 13																			0.046920																							-0.046920																																																																																																																													0.000000	
 7 	 14																			0.046878																							-0.046878																																																																																																																													0.000000	
 7 	 15																			0.046834																							-0.046834																																																																																																																													0.000000	
 7 	 16																			0.046792																							-0.046792																																																																																																																													0.000000	
 7 	 17																			0.046749																							-0.046749																																																																																																																													0.000000	
 7 	 18																			0.046706																							-0.046706																																																																																																																													0.000000	
 7 	 19																			0.046666																							-0.046666																																																																																																																													0.000000	
 7 	 20																			0.046623																							-0.046623																																																																																																																													0.000000	
 7 	 21																			0.046581																							-0.046581																																																																																																																													0.000000	
 7 	 22																			0.046537																							-0.046537																																																																																																																													0.000000	
 7 	 23																			0.046495																							-0.046495																																																																																																																													0.000000	
 7 	 24																			0.046452																							-0.046452																																																																																																																													0.000000	
 8 	 1																			0.051671																							-0.051671																																																																																																																													0.000000	
 8 	 2																			0.051822																							-0.051822																																																																																																																													0.000000	
 8 	 3																			0.051974																							-0.051974																																																																																																																													0.000000	
 8 	 4																			0.052126																							-0.052126																																																																																																																													0.000000	
 8 	 5																			0.052277																							-0.052277																																																																																																																													0.000000	
 8 	 6																			0.052429																							-0.052429																																																																																																																													0.000000	
 8 	 7																			0.052577																							-0.052577																																																																																																																													0.000000	
 8 	 8																			0.052728																							-0.052728																																																																																																																													0.000000	
 8 	 9																			0.052880																							-0.052880																																																																																																																													0.000000	
 8 	 10																			0.053032																							-0.053032																																																																																																																													0.000000	
 8 	 11																			0.053184																							-0.053184																																																																																																																													0.000000	
 8 	 12																			0.053335																							-0.053335																																																																																																																													0.000000	
 8 	 13																			0.053483																							-0.053483																																																																																																																													0.000000	
 8 	 14																			0.053634																							-0.053634																																																																																																																													0.000000	
 8 	 15																			0.053786																							-0.053786																																																																																																																													0.000000	
 8 	 16																			0.053938																							-0.053938																																																																																																																													0.000000	
 8 	 17																			0.054090																							-0.054090																																																																																																																													0.000000	
 8 	 18																			0.054238																							-0.054238																																																																																																																													0.000000	
 8 	 19																			0.054389																							-0.054389																																																																																																																													0.000000	
 8 	 20																			0.054540																							-0.054540																																																																																																																													0.000000	
 8 	 21																			0.054692																							-0.054692																																																																																																																													0.000000	
 8 	 22																			0.054844																							-0.054844																																																																																																																													0.000000	
 8 	 23																			0.054996																							-0.054996																																																																																																																													0.000000	
 8 	 24																			0.055144																							-0.055144																																																																																																																													0.000000	
 9 	 1																			0.040847																							-0.040847																																																																																																																													0.000000	
 9 	 2																			0.040758																							-0.040758																																																																																																																													0.000000	
 9 	 3																			0.040671																							-0.040671																																																																																																																													0.000000	
 9 	 4																			0.040583																							-0.040583																																																																																																																													0.000000	
 9 	 5																			0.040497																							-0.040497																																																																																																																													0.000000	
 9 	 6																			0.040409																							-0.040409																																																																																																																													0.000000	
 9 	 7																			0.040323																							-0.040323																																																																																																																													0.000000	
 9 	 8																			0.040235																							-0.040235																																																																																																																													0.000000	
 9 	 9																			0.040149																							-0.040149																																																																																																																													0.000000	
 9 	 10																			0.040061																							-0.040061																																																																																																																													0.000000	
 9 	 11																			0.039974																							-0.039974																																																																																																																													0.000000	
 9 	 12																			0.039886																							-0.039886																																																																																																																													0.000000	
 9 	 13																			0.039800																							-0.039800																																																																																																																													0.000000	
 9 	 14																			0.039712																							-0.039712																																																																																																																													0.000000	
 9 	 15																			0.039626																							-0.039626																																																																																																																													0.000000	
 9 	 16																			0.039540																							-0.039540																																																																																																																													0.000000	
 9 	 17																			0.039452																							-0.039452																																																																																																																													0.000000	
 9 	 18																			0.039366																							-0.039366																																																																																																																													0.000000	
 9 	 19																			0.039278																							-0.039278																																																																																																																													0.000000	
 9 	 20																			0.039191																							-0.039191																																																																																																																													0.000000	
 9 	 21																			0.039103																							-0.039103																																																																																																																													0.000000	
 9 	 22																			0.039017																							-0.039017																																																																																																																													0.000000	
 9 	 23																			0.038928																							-0.038928																																																																																																																													0.000000	
 9 	 24																			0.038843																							-0.038843																																																																																																																													0.000000	
 10 	 1																			0.048397																							-0.048397																																																																																																																													0.000000	
 10 	 2																			0.048423																							-0.048423																																																																																																																													0.000000	
 10 	 3																			0.048445																							-0.048445																																																																																																																													0.000000	
 10 	 4																			0.048471																							-0.048471																																																																																																																													0.000000	
 10 	 5																			0.048496																							-0.048496																																																																																																																													0.000000	
 10 	 6																			0.048522																							-0.048522																																																																																																																													0.000000	
 10 	 7																			0.048547																							-0.048547																																																																																																																													0.000000	
 10 	 8																			0.048574																							-0.048574																																																																																																																													0.000000	
 10 	 9																			0.048599																							-0.048599																																																																																																																													0.000000	
 10 	 10																			0.048624																							-0.048624																																																																																																																													0.000000	
 10 	 11																			0.048650																							-0.048650																																																																																																																													0.000000	
 10 	 12																			0.048675																							-0.048675																																																																																																																													0.000000	
 10 	 13																			0.048701																							-0.048701																																																																																																																													0.000000	
 10 	 14																			0.048726																							-0.048726																																																																																																																													0.000000	
 10 	 15																			0.048752																							-0.048752																																																																																																																													0.000000	
 10 	 16																			0.048777																							-0.048777																																																																																																																													0.000000	
 10 	 17																			0.048803																							-0.048803																																																																																																																													0.000000	
 10 	 18																			0.048828																							-0.048828																																																																																																																													0.000000	
 10 	 19																			0.048853																							-0.048853																																																																																																																													0.000000	
 10 	 20																			0.048880																							-0.048880																																																																																																																													0.000000	
 10 	 21																			0.048905																							-0.048905																																																																																																																													0.000000	
 10 	 22																			0.048931																							-0.048931																																																																																																																													0.000000	
 10 	 23																			0.048956																							-0.048956																																																																																																																													0.000000	
 10 	 24																			0.048982																							-0.048982																																																																																																																													0.000000	
 11 	 1																			0.038710																							-0.038710																																																																																																																													0.000000	
 11 	 2																			0.038699																							-0.038699																																																																																																																													0.000000	
 11 	 3																			0.038687																							-0.038687																																																																																																																													0.000000	
 11 	 4																			0.038673																							-0.038673																																																																																																																													0.000000	
 11 	 5																			0.038662																							-0.038662																																																																																																																													0.000000	
 11 	 6																			0.038650																							-0.038650																																																																																																																													0.000000	
 11 	 7																			0.038639																							-0.038639																																																																																																																													0.000000	
 11 	 8																			0.038628																							-0.038628																																																																																																																													0.000000	
 11 	 9																			0.038614																							-0.038614																																																																																																																													0.000000	
 11 	 10																			0.038602																							-0.038602																																																																																																																													0.000000	
 11 	 11																			0.038591																							-0.038591																																																																																																																													0.000000	
 11 	 12																			0.038581																							-0.038581																																																																																																																													0.000000	
 11 	 13																			0.038569																							-0.038569																																																																																																																													0.000000	
 11 	 14																			0.038554																							-0.038554																																																																																																																													0.000000	
 11 	 15																			0.038543																							-0.038543																																																																																																																													0.000000	
 11 	 16																			0.038532																							-0.038532																																																																																																																													0.000000	
 11 	 17																			0.038521																							-0.038521																																																																																																																													0.000000	
 11 	 18																			0.038510																							-0.038510																																																																																																																													0.000000	
 11 	 19																			0.038496																							-0.038496																																																																																																																													0.000000	
 11 	 20																			0.038484																							-0.038484																																																																																																																													0.000000	
 11 	 21																			0.038473																							-0.038473																																																																																																																													0.000000	
 11 	 22																			0.038462																							-0.038462																																																																																																																													0.000000	
 11 	 23																			0.038450																							-0.038450																																																																																																																													0.000000	
 11 	 24																			0.038436																							-0.038436																																																																																																																													0.000000	
 12 	 1																			0.032586																							-0.032586																																																																																																																													0.000000	
 12 	 2																			0.032592																							-0.032592																																																																																																																													0.000000	
 12 	 3																			0.032598																							-0.032598																																																																																																																													0.000000	
 12 	 4																			0.032604																							-0.032604																																																																																																																													0.000000	
 12 	 5																			0.032609																							-0.032609																																																																																																																													0.000000	
 12 	 6																			0.032615																							-0.032615																																																																																																																													0.000000	
 12 	 7																			0.032620																							-0.032620																																																																																																																													0.000000	
 12 	 8																			0.032626																							-0.032626																																																																																																																													0.000000	
 12 	 9																			0.032632																							-0.032632																																																																																																																													0.000000	
 12 	 10																			0.032638																							-0.032638																																																																																																																													0.000000	
 12 	 11																			0.032643																							-0.032643																																																																																																																													0.000000	
 12 	 12																			0.032648																							-0.032648																																																																																																																													0.000000	
 12 	 13																			0.032654																							-0.032654																																																																																																																													0.000000	
 12 	 14																			0.032660																							-0.032660																																																																																																																													0.000000	
 12 	 15																			0.032666																							-0.032666																																																																																																																													0.000000	
 12 	 16																			0.032671																							-0.032671																																																																																																																													0.000000	
 12 	 17																			0.032677																							-0.032677																																																																																																																													0.000000	
 12 	 18																			0.032682																							-0.032682																																																																																																																													0.000000	
 12 	 19																			0.032689																							-0.032689																																																																																																																													0.000000	
 12 	 20																			0.032694																							-0.032694																																																																																																																													0.000000	
 12 	 21																			0.032700																							-0.032700																																																																																																																													0.000000	
 12 	 22																			0.032705																							-0.032705																																																																																																																													0.000000	
 12 	 23																			0.032711																							-0.032711																																																																																																																													0.000000	
 12 	 24																			0.032717																							-0.032717																																																																																																																													0.000000	