Td 	 Time	ELECTRICITY	GASOLINE	DIESEL	BIOETHANOL	BIODIESEL	LFO	NG	SLF	SNG	WET_BIOMASS	COAL	URANIUM	WASTE	H2	ELEC_EXPORT	CO2_EMISSIONS	RES_WIND	RES_SOLAR	RES_HYDRO	RES_GEO	CO2_ATM	CO2_INDUSTRY	CO2_CAPTURED	WOOD	WOOD1	WOOD2	WOOD3	WOOD4	WOOD5	WOOD6	WOOD7	WOOD8	WOOD9	WOOD10	NUCLEAR	CCGT	COAL_US	COAL_IGCC	PV	WIND_ONSHORE	WIND_OFFSHORE	HYDRO_RIVER	GEOTHERMAL	Biomass_power_only	IND_COGEN_GAS	IND_COGEN_WOOD	IND_COGEN_WASTE	IND_BOILER_GAS	IND_BOILER_WOOD	IND_BOILER_OIL	IND_BOILER_COAL	IND_BOILER_WASTE	IND_DIRECT_ELEC	DHN_HP_ELEC	DHN_COGEN_GAS	DHN_COGEN_WOOD	DHN_COGEN_WET_BIOMASS	DHN_COGEN_BIO_HYDROLYSIS	DHN_COGEN_WASTE	DHN_BOILER_GAS	DHN_BOILER_WOOD	DHN_BOILER_OIL	DHN_DEEP_GEO	DHN_SOLAR	DEC_HP_ELEC	DEC_THHP_GAS	DEC_COGEN_GAS	DEC_COGEN_OIL	DEC_ADVCOGEN_GAS	DEC_ADVCOGEN_H2	DEC_BOILER_GAS	DEC_BOILER_WOOD	DEC_BOILER_OIL	DEC_SOLAR	DEC_DIRECT_ELEC	TRAMWAY_TROLLEY	BUS_COACH_DIESEL	BUS_COACH_HYDIESEL	BUS_COACH_CNG_STOICH	BUS_COACH_FC_HYBRIDH2	TRAIN_PUB	CAR_GASOLINE	CAR_DIESEL	CAR_NG	CAR_HEV	CAR_PHEV	CAR_BEV	CAR_FUEL_CELL	TRAIN_FREIGHT	BOAT_FREIGHT_DIESEL	BOAT_FREIGHT_NG	TRUCK_DIESEL	TRUCK_FUEL_CELL	TRUCK_NG	TRUCK_ELEC	NON_ENERGY_NG	NON_ENERGY_OIL	EFFICIENCY	DHN	GRID	MOTORWAYS	ROADS	RAILWAYS	H2_ELECTROLYSIS	H2_NG	H2_BIOMASS	GASIFICATION_SNG	PYROLYSIS	ATM_CCS	INDUSTRY_CCS	SYN_METHANOLATION	SYN_METHANATION	BIOMETHANATION	BIO_HYDROLYSIS	METHANE_TO_METHANOL	SLF_TO_DIESEL	SLF_TO_GASOLINE	SLF_TO_LFO	SLF_biomass_gasif	SLF_biomass_gasif_H2	SLF_pyrolysis_upgrade_2	SLF_pyrolysis_upgrade_2b	Cellulosic_ethanol	GASIFICATION_SNG_H2	PHS_Pin	PHS_Pout	BATT_LI_Pin	BATT_LI_Pout	BEV_BATT_Pin	BEV_BATT_Pout	PHEV_BATT_Pin	PHEV_BATT_Pout	TS_DEC_HP_ELEC_Pin	TS_DEC_HP_ELEC_Pout	TS_DEC_DIRECT_ELEC_Pin	TS_DEC_DIRECT_ELEC_Pout	TS_DHN_DAILY_Pin	TS_DHN_DAILY_Pout	TS_DHN_SEASONAL_Pin	TS_DHN_SEASONAL_Pout	TS_DEC_THHP_GAS_Pin	TS_DEC_THHP_GAS_Pout	TS_DEC_COGEN_GAS_Pin	TS_DEC_COGEN_GAS_Pout	TS_DEC_COGEN_OIL_Pin	TS_DEC_COGEN_OIL_Pout	TS_DEC_ADVCOGEN_GAS_Pin	TS_DEC_ADVCOGEN_GAS_Pout	TS_DEC_ADVCOGEN_H2_Pin	TS_DEC_ADVCOGEN_H2_Pout	TS_DEC_BOILER_GAS_Pin	TS_DEC_BOILER_GAS_Pout	TS_DEC_BOILER_WOOD_Pin	TS_DEC_BOILER_WOOD_Pout	TS_DEC_BOILER_OIL_Pin	TS_DEC_BOILER_OIL_Pout	TS_HIGH_TEMP_Pin	TS_HIGH_TEMP_Pout	SEASONAL_NG_Pin	SEASONAL_NG_Pout	SEASONAL_H2_Pin	SEASONAL_H2_Pout	CO2_STORAGE_Pin	CO2_STORAGE_Pout	SLF_STO_Pin	SLF_STO_Pout	END_USE	
 1 	 1																																																						11.217134																																																																																					0.000000	1.644545																											-12.861678	
 1 	 2																																																						11.217134																																																																																					0.000000	1.718837																											-12.935971	
 1 	 3																																																						11.217134																																																																																					0.000000	1.793129																											-13.010263	
 1 	 4																																																						11.217134																																																																																					0.000000	1.867422																											-13.084555	
 1 	 5																																																						11.217134																																																																																					0.000000	1.941714																											-13.158848	
 1 	 6																																																						11.217134																																																																																					0.000000	2.016006																											-13.233140	
 1 	 7																																																						11.217134																																																																																					0.000000	1.941714																											-13.158848	
 1 	 8																																																						11.217134																																																																																					0.000000	1.867422																											-13.084555	
 1 	 9																																																						11.217134																																																																																					0.000000	1.273127																											-12.490260	
 1 	 10																																																						11.217134																																																																																					0.000000	0.827372																											-12.044506	
 1 	 11																																																						11.217134																																																																																					0.000000	0.233034																											-11.450167	
 1 	 12																																																						11.217134																																																																																					-0.286969	0.000000																											-10.930164	
 1 	 13																																																						11.217134																																																																																					-0.807016	0.000000																											-10.410118	
 1 	 14																																																						11.217134																																																																																					-1.252770	0.000000																											-9.964364	
 1 	 15																																																						11.217134																																																																																					-1.475603	0.000000																											-9.741530	
 1 	 16																																																						11.217134																																																																																					-1.475603	0.000000																											-9.741530	
 1 	 17																																																						11.217134																																																																																					-1.252770	0.000000																											-9.964364	
 1 	 18																																																						11.217134																																																																																					-0.881308	0.000000																											-10.335826	
 1 	 19																																																						11.217134																																																																																					-0.435554	0.000000																											-10.781580	
 1 	 20																																																						11.217134																																																																																					-0.138384	0.000000																											-11.078749	
 1 	 21																																																						11.217134																																																																																					0.000000	0.084493																											-11.301626	
 1 	 22																																																						11.217134																																																																																					0.000000	0.381618																											-11.598752	
 1 	 23																																																						11.217134																																																																																					0.000000	0.678788																											-11.895921	
 1 	 24																																																						11.217134																																																																																					0.000000	0.975957																											-12.193091	
 2 	 1																																																						0.000000																																																																																					0.000000	7.843455																											-7.843455	
 2 	 2																																																						0.000000																																																																																					0.000000	7.991996																											-7.991996	
 2 	 3																																																						0.000000																																																																																					0.000000	8.066288																											-8.066288	
 2 	 4																																																						0.000000																																																																																					0.000000	8.214873																											-8.214873	
 2 	 5																																																						0.000000																																																																																					0.000000	8.289166																											-8.289166	
 2 	 6																																																						1.031169																																																																																					0.000000	7.086678																											-8.117847	
 2 	 7																																																						5.108482																																																																																					0.000000	2.321766																											-7.430248	
 2 	 8																																																						11.217134																																																																																					-4.595795	0.000000																											-6.621339	
 2 	 9																																																						11.217134																																																																																					-5.784451	0.000000																											-5.432683	
 2 	 10																																																						11.217134																																																																																					-6.824513	0.000000																											-4.392621	
 2 	 11																																																						11.217134																																																																																					-7.790283	0.000000																											-3.426851	
 2 	 12																																																						11.217134																																																																																					-8.607477	0.000000																											-2.609657	
 2 	 13																																																						11.217134																																																																																					-9.276086	0.000000																											-1.941047	
 2 	 14																																																						11.217134																																																																																					-9.424667	0.000000																											-1.792467	
 2 	 15																																																						11.217134																																																																																					-9.424667	0.000000																											-1.792467	
 2 	 16																																																						11.217134																																																																																					-9.424667	0.000000																											-1.792467	
 2 	 17																																																						11.217134																																																																																					-9.424667	0.000000																											-1.792467	
 2 	 18																																																						11.217134																																																																																					-9.201796	0.000000																											-2.015337	
 2 	 19																																																						11.217134																																																																																					-8.458897	0.000000																											-2.758237	
 2 	 20																																																						6.792520																																																																																					-3.438320	0.000000																											-3.354200	
 2 	 21																																																						0.000000																																																																																					0.000000	3.906056																											-3.906056	
 2 	 22																																																						0.000000																																																																																					0.000000	4.797538																											-4.797538	
 2 	 23																																																						0.000000																																																																																					0.000000	5.689020																											-5.689020	
 2 	 24																																																						0.000000																																																																																					0.000000	6.580485																											-6.580485	
 3 	 1																																																						0.000000																																																																																					0.000000	3.386023																											-3.386023	
 3 	 2																																																						0.000000																																																																																					0.000000	4.128925																											-4.128925	
 3 	 3																																																						0.000000																																																																																					0.000000	4.500378																											-4.500378	
 3 	 4																																																						0.000000																																																																																					0.000000	4.723246																											-4.723246	
 3 	 5																																																						0.000000																																																																																					0.000000	4.574666																											-4.574666	
 3 	 6																																																						0.000000																																																																																					0.000000	3.608896																											-3.608896	
 3 	 7																																																						0.000000																																																																																					0.000000	2.420253																											-2.420253	
 3 	 8																																																						0.000000																																																																																					0.000000	1.231610																											-1.231610	
 3 	 9																																																						0.000000																																																																																					0.000000	1.231610																											-1.231610	
 3 	 10																																																						4.676229																																																																																					-3.210807	0.000000																											-1.465422	
 3 	 11																																																						11.217134																																																																																					-9.424667	0.000000																											-1.792467	
 3 	 12																																																						11.217134																																																																																					-9.424667	0.000000																											-1.792467	
 3 	 13																																																						11.217134																																																																																					-9.424667	0.000000																											-1.792467	
 3 	 14																																																						11.217134																																																																																					-9.424667	0.000000																											-1.792467	
 3 	 15																																																						11.217134																																																																																					-9.424667	0.000000																											-1.792467	
 3 	 16																																																						11.217134																																																																																					-9.424667	0.000000																											-1.792467	
 3 	 17																																																						11.217134																																																																																					-9.424667	0.000000																											-1.792467	
 3 	 18																																																						11.217134																																																																																					-9.424667	0.000000																											-1.792467	
 3 	 19																																																						6.949331																																																																																					-5.370255	0.000000																											-1.579077	
 3 	 20																																																						0.000000																																																																																					0.000000	1.231610																											-1.231610	
 3 	 21																																																						0.000000																																																																																					0.000000	1.231610																											-1.231610	
 3 	 22																																																						0.000000																																																																																					0.000000	1.231610																											-1.231610	
 3 	 23																																																						0.000000																																																																																					0.000000	1.231610																											-1.231610	
 3 	 24																																																						0.000000																																																																																					0.000000	1.231610																											-1.231610	
 4 	 1																																																						0.000000																																																																																					0.000000	4.054637																											-4.054637	
 4 	 2																																																						0.000000																																																																																					0.000000	4.351797																											-4.351797	
 4 	 3																																																						0.000000																																																																																					0.000000	4.500378																											-4.500378	
 4 	 4																																																						0.000000																																																																																					0.000000	4.574666																											-4.574666	
 4 	 5																																																						0.000000																																																																																					0.000000	4.574666																											-4.574666	
 4 	 6																																																						0.000000																																																																																					0.000000	4.277505																											-4.277505	
 4 	 7																																																						0.000000																																																																																					0.000000	3.757476																											-3.757476	
 4 	 8																																																						0.000000																																																																																					0.000000	3.311735																											-3.311735	
 4 	 9																																																						0.000000																																																																																					0.000000	2.791702																											-2.791702	
 4 	 10																																																						8.543329																																																																																					-5.993071	0.000000																											-2.550259	
 4 	 11																																																						11.217134																																																																																					-9.424667	0.000000																											-1.792467	
 4 	 12																																																						11.217134																																																																																					-9.424667	0.000000																											-1.792467	
 4 	 13																																																						11.217134																																																																																					-9.424667	0.000000																											-1.792467	
 4 	 14																																																						11.217134																																																																																					-9.424667	0.000000																											-1.792467	
 4 	 15																																																						11.217134																																																																																					-9.424667	0.000000																											-1.792467	
 4 	 16																																																						11.217134																																																																																					-9.424667	0.000000																											-1.792467	
 4 	 17																																																						3.207034																																																																																					-1.815072	0.000000																											-1.391962	
 4 	 18																																																						0.000000																																																																																					0.000000	1.231610																											-1.231610	
 4 	 19																																																						0.000000																																																																																					0.000000	1.231610																											-1.231610	
 4 	 20																																																						0.000000																																																																																					0.000000	1.231610																											-1.231610	
 4 	 21																																																						0.000000																																																																																					0.000000	1.231610																											-1.231610	
 4 	 22																																																						0.000000																																																																																					0.000000	1.825932																											-1.825932	
 4 	 23																																																						0.000000																																																																																					0.000000	2.494541																											-2.494541	
 4 	 24																																																						0.000000																																																																																					0.000000	3.014574																											-3.014574	
 5 	 1																																																						0.000000																																																																																					0.000000	1.231610																											-1.231610	
 5 	 2																																																						0.000000																																																																																					0.000000	1.231610																											-1.231610	
 5 	 3																																																						0.000000																																																																																					0.000000	1.231610																											-1.231610	
 5 	 4																																																						0.000000																																																																																					0.000000	1.231610																											-1.231610	
 5 	 5																																																						0.000000																																																																																					0.000000	1.231610																											-1.231610	
 5 	 6																																																						0.000000																																																																																					0.000000	1.231610																											-1.231610	
 5 	 7																																																						0.000000																																																																																					0.000000	1.231610																											-1.231610	
 5 	 8																																																						0.000000																																																																																					0.000000	1.231610																											-1.231610	
 5 	 9																																																						0.000000																																																																																					0.000000	1.231610																											-1.231610	
 5 	 10																																																						0.000000																																																																																					0.000000	1.231610																											-1.231610	
 5 	 11																																																						0.000000																																																																																					0.000000	1.231610																											-1.231610	
 5 	 12																																																						7.948929																																																																																					-6.319872	0.000000																											-1.629057	
 5 	 13																																																						7.447570																																																																																					-5.843581	0.000000																											-1.603989	
 5 	 14																																																						3.686055																																																																																					-2.270142	0.000000																											-1.415913	
 5 	 15																																																						0.000000																																																																																					0.000000	1.231610																											-1.231610	
 5 	 16																																																						0.000000																																																																																					0.000000	1.231610																											-1.231610	
 5 	 17																																																						0.000000																																																																																					0.000000	1.231610																											-1.231610	
 5 	 18																																																						0.000000																																																																																					0.000000	1.231610																											-1.231610	
 5 	 19																																																						0.000000																																																																																					0.000000	1.231610																											-1.231610	
 5 	 20																																																						0.000000																																																																																					0.000000	1.231610																											-1.231610	
 5 	 21																																																						0.000000																																																																																					0.000000	1.231610																											-1.231610	
 5 	 22																																																						0.000000																																																																																					0.000000	1.231610																											-1.231610	
 5 	 23																																																						0.000000																																																																																					0.000000	1.231610																											-1.231610	
 5 	 24																																																						0.000000																																																																																					0.000000	1.231610																											-1.231610	
 6 	 1																																																						0.000000																																																																																					0.000000	3.088862																											-3.088862	
 6 	 2																																																						0.000000																																																																																					0.000000	3.757476																											-3.757476	
 6 	 3																																																						0.000000																																																																																					0.000000	4.054637																											-4.054637	
 6 	 4																																																						0.000000																																																																																					0.000000	4.426085																											-4.426085	
 6 	 5																																																						0.000000																																																																																					0.000000	4.648958																											-4.648958	
 6 	 6																																																						0.000000																																																																																					0.000000	4.648958																											-4.648958	
 6 	 7																																																						0.000000																																																																																					0.000000	4.351797																											-4.351797	
 6 	 8																																																						0.000000																																																																																					0.000000	4.128925																											-4.128925	
 6 	 9																																																						0.000000																																																																																					0.000000	3.386023																											-3.386023	
 6 	 10																																																						0.000000																																																																																					0.000000	2.420253																											-2.420253	
 6 	 11																																																						0.000000																																																																																					0.000000	1.825932																											-1.825932	
 6 	 12																																																						0.000000																																																																																					0.000000	1.231610																											-1.231610	
 6 	 13																																																						0.000000																																																																																					0.000000	1.231610																											-1.231610	
 6 	 14																																																						0.000000																																																																																					0.000000	1.231610																											-1.231610	
 6 	 15																																																						0.000000																																																																																					0.000000	1.231610																											-1.231610	
 6 	 16																																																						0.000000																																																																																					0.000000	1.231610																											-1.231610	
 6 	 17																																																						0.000000																																																																																					0.000000	1.231610																											-1.231610	
 6 	 18																																																						0.000000																																																																																					0.000000	1.231610																											-1.231610	
 6 	 19																																																						0.000000																																																																																					0.000000	1.603061																											-1.603061	
 6 	 20																																																						0.000000																																																																																					0.000000	1.974512																											-1.974512	
 6 	 21																																																						0.000000																																																																																					0.000000	2.345961																											-2.345961	
 6 	 22																																																						0.000000																																																																																					0.000000	2.717414																											-2.717414	
 6 	 23																																																						0.000000																																																																																					0.000000	3.088862																											-3.088862	
 6 	 24																																																						0.000000																																																																																					0.000000	3.460315																											-3.460315	
 7 	 1																																																						0.438484																																																																																					0.000000	7.129726																											-7.568210	
 7 	 2																																																						0.000000																																																																																					0.000000	7.843455																											-7.843455	
 7 	 3																																																						0.000000																																																																																					0.000000	8.140581																											-8.140581	
 7 	 4																																																						0.000000																																																																																					0.000000	8.289166																											-8.289166	
 7 	 5																																																						0.000000																																																																																					0.000000	8.437750																											-8.437750	
 7 	 6																																																						0.000000																																																																																					0.000000	8.512043																											-8.512043	
 7 	 7																																																						5.193794																																																																																					0.000000	3.577938																											-8.771732	
 7 	 8																																																						8.490830																																																																																					0.000000	0.000000																											-8.490830	
 7 	 9																																																						7.708851																																																																																					0.000000	0.000000																											-7.708851	
 7 	 10																																																						11.217134																																																																																					-4.150084	0.000000																											-7.067049	
 7 	 11																																																						11.217134																																																																																					-4.892964	0.000000																											-6.324169	
 7 	 12																																																						11.217134																																																																																					-5.561578	0.000000																											-5.655556	
 7 	 13																																																						11.217134																																																																																					-6.007319	0.000000																											-5.209815	
 7 	 14																																																						11.217134																																																																																					-6.230192	0.000000																											-4.986942	
 7 	 15																																																						11.217134																																																																																					-6.378772	0.000000																											-4.838362	
 7 	 16																																																						11.217134																																																																																					-6.155899	0.000000																											-5.061234	
 7 	 17																																																						9.216156																																																																																					-3.883522	0.000000																											-5.332634	
 7 	 18																																																						0.000000																																																																																					0.000000	5.466148																											-5.466148	
 7 	 19																																																						0.000000																																																																																					0.000000	5.689020																											-5.689020	
 7 	 20																																																						0.000000																																																																																					0.000000	5.911898																											-5.911898	
 7 	 21																																																						0.000000																																																																																					0.000000	6.134775																											-6.134775	
 7 	 22																																																						0.000000																																																																																					0.000000	6.431900																											-6.431900	
 7 	 23																																																						0.000000																																																																																					0.000000	6.580485																											-6.580485	
 7 	 24																																																						0.000000																																																																																					0.000000	7.026239																											-7.026239	
 8 	 1																																																						0.000000																																																																																					0.000000	5.391860																											-5.391860	
 8 	 2																																																						0.000000																																																																																					0.000000	5.763313																											-5.763313	
 8 	 3																																																						0.000000																																																																																					0.000000	6.209067																											-6.209067	
 8 	 4																																																						0.000000																																																																																					0.000000	6.431900																											-6.431900	
 8 	 5																																																						0.000000																																																																																					0.000000	6.580485																											-6.580485	
 8 	 6																																																						0.000000																																																																																					0.000000	6.803362																											-6.803362	
 8 	 7																																																						0.000000																																																																																					0.000000	6.803362																											-6.803362	
 8 	 8																																																						0.608039																																																																																					0.000000	5.631430																											-6.239469	
 8 	 9																																																						4.971838																																																																																					0.000000	0.000000																											-4.971838	
 8 	 10																																																						3.407834																																																																																					0.000000	0.000000																											-3.407834	
 8 	 11																																																						2.078434																																																																																					0.000000	0.000000																											-2.078434	
 8 	 12																																																						1.296432																																																																																					0.000000	0.000000																											-1.296432	
 8 	 13																																																						1.296432																																																																																					0.000000	0.000000																											-1.296432	
 8 	 14																																																						1.296432																																																																																					0.000000	0.000000																											-1.296432	
 8 	 15																																																						1.296432																																																																																					0.000000	0.000000																											-1.296432	
 8 	 16																																																						1.296432																																																																																					0.000000	0.000000																											-1.296432	
 8 	 17																																																						1.296432																																																																																					0.000000	0.000000																											-1.296432	
 8 	 18																																																						1.687433																																																																																					0.000000	0.000000																											-1.687433	
 8 	 19																																																						9.276513																																																																																					-6.763887	0.000000																											-2.512626	
 8 	 20																																																						9.733944																																																																																					-6.752706	0.000000																											-2.981238	
 8 	 21																																																						6.187039																																																																																					-2.937405	0.000000																											-3.249634	
 8 	 22																																																						4.518193																																																																																					-0.906260	0.000000																											-3.611933	
 8 	 23																																																						3.154397																																																																																					0.000000	0.835087																											-3.989484	
 8 	 24																																																						0.000000																																																																																					0.000000	4.277505																											-4.277505	
 9 	 1																																																						11.217134																																																																																					-2.664281	0.000000																											-8.552853	
 9 	 2																																																						11.217134																																																																																					-2.292819	0.000000																											-8.924315	
 9 	 3																																																						11.217134																																																																																					-1.921357	0.000000																											-9.295776	
 9 	 4																																																						11.217134																																																																																					-1.772773	0.000000																											-9.444361	
 9 	 5																																																						11.217134																																																																																					-1.624188	0.000000																											-9.592946	
 9 	 6																																																						11.217134																																																																																					-1.475603	0.000000																											-9.741530	
 9 	 7																																																						11.217134																																																																																					-1.401311	0.000000																											-9.815823	
 9 	 8																																																						11.217134																																																																																					-1.475603	0.000000																											-9.741530	
 9 	 9																																																						11.217134																																																																																					-2.441404	0.000000																											-8.775730	
 9 	 10																																																						11.217134																																																																																					-3.555745	0.000000																											-7.661388	
 9 	 11																																																						11.217134																																																																																					-4.150084	0.000000																											-7.067049	
 9 	 12																																																						11.217134																																																																																					-4.967257	0.000000																											-6.249877	
 9 	 13																																																						11.217134																																																																																					-6.007319	0.000000																											-5.209815	
 9 	 14																																																						11.217134																																																																																					-6.527352	0.000000																											-4.689781	
 9 	 15																																																						11.217134																																																																																					-6.750221	0.000000																											-4.466913	
 9 	 16																																																						11.217134																																																																																					-6.527352	0.000000																											-4.689781	
 9 	 17																																																						11.217134																																																																																					-5.933031	0.000000																											-5.284103	
 9 	 18																																																						11.217134																																																																																					-5.190129	0.000000																											-6.027004	
 9 	 19																																																						11.217134																																																																																					-4.670087	0.000000																											-6.547047	
 9 	 20																																																						11.217134																																																																																					-4.150084	0.000000																											-7.067049	
 9 	 21																																																						11.217134																																																																																					-3.630038	0.000000																											-7.587096	
 9 	 22																																																						11.217134																																																																																					-3.184284	0.000000																											-8.032850	
 9 	 23																																																						11.217134																																																																																					-2.664281	0.000000																											-8.552853	
 9 	 24																																																						11.217134																																																																																					-2.144234	0.000000																											-9.072899	
 10 	 1																																																						11.217134																																																																																					-0.732723	0.000000																											-10.484410	
 10 	 2																																																						11.217134																																																																																					-0.509846	0.000000																											-10.707287	
 10 	 3																																																						11.217134																																																																																					-0.212677	0.000000																											-11.004457	
 10 	 4																																																						11.217134																																																																																					-0.212677	0.000000																											-11.004457	
 10 	 5																																																						11.217134																																																																																					0.000000	0.084493																											-11.301626	
 10 	 6																																																						11.217134																																																																																					-0.064092	0.000000																											-11.153042	
 10 	 7																																																						11.217134																																																																																					0.000000	0.010200																											-11.227334	
 10 	 8																																																						11.217134																																																																																					-0.064092	0.000000																											-11.153042	
 10 	 9																																																						11.217134																																																																																					-0.212677	0.000000																											-11.004457	
 10 	 10																																																						11.217134																																																																																					-0.361262	0.000000																											-10.855872	
 10 	 11																																																						11.217134																																																																																					-0.509846	0.000000																											-10.707287	
 10 	 12																																																						11.217134																																																																																					-0.658431	0.000000																											-10.558703	
 10 	 13																																																						11.217134																																																																																					-0.732723	0.000000																											-10.484410	
 10 	 14																																																						11.217134																																																																																					-1.995650	0.000000																											-9.221484	
 10 	 15																																																						11.217134																																																																																					-2.589989	0.000000																											-8.627145	
 10 	 16																																																						11.217134																																																																																					-2.738573	0.000000																											-8.478560	
 10 	 17																																																						11.217134																																																																																					-2.292819	0.000000																											-8.924315	
 10 	 18																																																						11.217134																																																																																					-2.144234	0.000000																											-9.072899	
 10 	 19																																																						11.217134																																																																																					-1.995650	0.000000																											-9.221484	
 10 	 20																																																						11.217134																																																																																					-1.847065	0.000000																											-9.370069	
 10 	 21																																																						11.217134																																																																																					-1.624188	0.000000																											-9.592946	
 10 	 22																																																						11.217134																																																																																					-1.475603	0.000000																											-9.741530	
 10 	 23																																																						11.217134																																																																																					-1.327062	0.000000																											-9.890071	
 10 	 24																																																						11.217134																																																																																					-1.178477	0.000000																											-10.038656	
 11 	 1																																																						11.217134																																																																																					0.000000	1.644545																											-12.861678	
 11 	 2																																																						11.217134																																																																																					0.000000	2.238884																											-13.456017	
 11 	 3																																																						11.217134																																																																																					0.000000	2.758930																											-13.976064	
 11 	 4																																																						11.217134																																																																																					0.000000	3.056099																											-14.273233	
 11 	 5																																																						11.217134																																																																																					0.000000	3.427518																											-14.644651	
 11 	 6																																																						11.217134																																																																																					0.000000	3.724687																											-14.941821	
 11 	 7																																																						11.217134																																																																																					0.000000	3.947564																											-15.164698	
 11 	 8																																																						11.217134																																																																																					0.000000	4.170441																											-15.387575	
 11 	 9																																																						11.217134																																																																																					0.000000	4.244733																											-15.461867	
 11 	 10																																																						11.217134																																																																																					0.000000	3.650395																											-14.867528	
 11 	 11																																																						11.217134																																																																																					0.000000	2.981807																											-14.198941	
 11 	 12																																																						11.217134																																																																																					0.000000	2.313176																											-13.530310	
 11 	 13																																																						11.217134																																																																																					0.000000	2.016006																											-13.233140	
 11 	 14																																																						11.217134																																																																																					0.000000	1.867422																											-13.084555	
 11 	 15																																																						11.217134																																																																																					0.000000	2.016006																											-13.233140	
 11 	 16																																																						11.217134																																																																																					0.000000	2.461761																											-13.678894	
 11 	 17																																																						11.217134																																																																																					0.000000	3.056099																											-14.273233	
 11 	 18																																																						11.217134																																																																																					0.000000	2.981807																											-14.198941	
 11 	 19																																																						11.217134																																																																																					0.000000	2.907515																											-14.124648	
 11 	 20																																																						11.217134																																																																																					0.000000	2.833222																											-14.050356	
 11 	 21																																																						11.217134																																																																																					0.000000	2.833222																											-14.050356	
 11 	 22																																																						11.217134																																																																																					0.000000	2.758930																											-13.976064	
 11 	 23																																																						11.217134																																																																																					0.000000	2.684638																											-13.901771	
 11 	 24																																																						11.217134																																																																																					0.000000	2.684638																											-13.901771	
 12 	 1																																																						11.217134																																																																																					0.000000	3.576102																											-14.793236	
 12 	 2																																																						11.217134																																																																																					0.000000	3.650395																											-14.867528	
 12 	 3																																																						11.217134																																																																																					0.000000	3.798979																											-15.016113	
 12 	 4																																																						11.217134																																																																																					0.000000	3.798979																											-15.016113	
 12 	 5																																																						11.217134																																																																																					0.000000	4.021856																											-15.238990	
 12 	 6																																																						11.217134																																																																																					0.000000	4.170441																											-15.387575	
 12 	 7																																																						11.217134																																																																																					0.000000	3.947564																											-15.164698	
 12 	 8																																																						11.217134																																																																																					0.000000	3.947564																											-15.164698	
 12 	 9																																																						11.217134																																																																																					0.000000	3.947564																											-15.164698	
 12 	 10																																																						11.217134																																																																																					0.000000	3.873272																											-15.090405	
 12 	 11																																																						11.217134																																																																																					0.000000	3.798979																											-15.016113	
 12 	 12																																																						11.217134																																																																																					0.000000	3.650395																											-14.867528	
 12 	 13																																																						11.217134																																																																																					0.000000	3.650395																											-14.867528	
 12 	 14																																																						11.217134																																																																																					0.000000	3.650395																											-14.867528	
 12 	 15																																																						11.217134																																																																																					0.000000	3.650395																											-14.867528	
 12 	 16																																																						11.217134																																																																																					0.000000	3.724687																											-14.941821	
 12 	 17																																																						11.217134																																																																																					0.000000	3.798979																											-15.016113	
 12 	 18																																																						11.217134																																																																																					0.000000	3.724687																											-14.941821	
 12 	 19																																																						11.217134																																																																																					0.000000	3.576102																											-14.793236	
 12 	 20																																																						11.217134																																																																																					0.000000	3.427518																											-14.644651	
 12 	 21																																																						11.217134																																																																																					0.000000	3.278933																											-14.496066	
 12 	 22																																																						11.217134																																																																																					0.000000	3.278933																											-14.496066	
 12 	 23																																																						11.217134																																																																																					0.000000	3.130348																											-14.347482	
 12 	 24																																																						11.217134																																																																																					0.000000	3.576102																											-14.793236	