TECHNOLOGIES	 c_inv	 c_maint	 lifetime	  f_min	 f	 f_max	 fmin_perc	f_perc	 fmax_perc	 c_p	 c_p_max	 tau	 gwp_constr
 UNITS	[MCHCapitalf/GW]	 [MCHCapitalf/GW]	 [y]	 [GW or GWh]	 [GW or GWh]	 [GW or GWh]	 [0-1]	 [0-1]	 [0-1]	 [0-1]	 [0-1]	 [-]	 [ktCO2-eq./GW or GWh] 
NUCLEAR	9691.469238	205.861972	60.000000	0.000000	2.000000	2.000000	0.000000	0.116511	1.000000	0.849000	0.849000	0.025393	1415.760000	
CCGT	6218.900202	157.504398	25.000000	0.000000	8.055656	1000000000000000.000000	0.000000	0.434952	1.000000	0.786889	0.961538	0.048263	1480.549053	
COAL_US	0.000000	0.000000	35.000000	0.000000	0.000000	0.000000	0.000000	0.000000	1.000000	0.000000	0.868000	0.036934	0.000000	
COAL_IGCC	0.000000	0.000000	35.000000	0.000000	0.000000	0.000000	0.000000	0.000000	1.000000	0.000000	0.856000	0.036934	0.000000	
PV	19168.672602	218.907714	25.000000	0.000000	22.032957	59.200000	0.000000	0.178921	1.000000	0.118348	1.000000	0.048263	45860.057716	
WIND_ONSHORE	10400.000000	28.344231	30.000000	0.000000	10.000000	10.000000	0.000000	0.166913	1.000000	0.243255	1.000000	0.041639	6228.500000	
WIND_OFFSHORE	17411.218797	33.508283	30.000000	0.000000	3.500000	3.500000	0.000000	0.098951	1.000000	0.412028	1.000000	0.041639	2179.975000	
HYDRO_RIVER	580.165793	5.801152	40.000000	0.000000	0.115000	0.115000	0.000000	0.003752	1.000000	0.475492	1.000000	0.033427	145.224300	
GEOTHERMAL	0.000000	0.000000	30.000000	0.000000	0.000000	0.000000	0.000000	0.000000	1.000000	0.000000	0.950000	0.041639	0.000000	
Biomass_power_only	0.000000	0.000000	30.000000	0.000000	0.000000	100000.000000	0.000000	0.000000	1.000000	0.000000	0.856000	0.041639	0.000000	
IND_COGEN_GAS	0.000000	0.000000	25.000000	0.000000	0.000000	1000000000000000.000000	0.000000	0.000000	1.000000	0.000000	0.850000	0.048263	0.000000	
IND_COGEN_WOOD	0.000000	0.000000	25.000000	0.000000	0.000000	1000000000000000.000000	0.000000	0.000000	1.000000	0.000000	0.850000	0.048263	0.000000	
IND_COGEN_WASTE	0.000000	0.000000	25.000000	0.000000	0.000000	1000000000000000.000000	0.000000	0.000000	1.000000	0.000000	0.850000	0.048263	0.000000	
IND_BOILER_GAS	0.000000	0.000000	17.000000	0.000000	0.000000	1000000000000000.000000	0.000000	0.000000	1.000000	0.000000	0.950000	0.067080	0.000000	
IND_BOILER_WOOD	124.005010	2.480100	17.000000	0.000000	1.076626	1000000000000000.000000	0.000000	0.168296	1.000000	0.900000	0.900000	0.067080	31.082181	
IND_BOILER_OIL	0.000000	0.000000	17.000000	0.000000	0.000000	1000000000000000.000000	0.000000	0.000000	1.000000	0.000000	0.950000	0.067080	0.000000	
IND_BOILER_COAL	399.583036	7.991661	17.000000	0.000000	3.469225	1000000000000000.000000	0.000000	0.542303	1.000000	0.900000	0.900000	0.067080	167.147280	
IND_BOILER_WASTE	213.238740	4.264775	17.000000	0.000000	1.851363	1000000000000000.000000	0.000000	0.289401	1.000000	0.900000	0.900000	0.067080	53.448850	
IND_DIRECT_ELEC	0.000000	0.000000	15.000000	0.000000	0.000000	1000000000000000.000000	0.000000	0.000000	1.000000	0.000000	0.950000	0.074944	0.000000	
DHN_HP_ELEC	3867.227374	131.134291	25.000000	0.000000	11.217134	1000000000000000.000000	0.000000	1.000000	1.000000	0.586541	0.950000	0.048263	1960.642798	
DHN_COGEN_GAS	0.000000	0.000000	25.000000	0.000000	0.000000	1000000000000000.000000	0.000000	0.000000	1.000000	0.000000	0.850000	0.048263	0.000000	
DHN_COGEN_WOOD	0.000000	0.000000	25.000000	0.000000	0.000000	1000000000000000.000000	0.000000	0.000000	1.000000	0.000000	0.850000	0.048263	0.000000	
DHN_COGEN_WET_BIOMASS	0.000000	0.000000	25.000000	0.000000	0.000000	1000000000000000.000000	0.000000	0.000000	1.000000	0.000000	0.750000	0.048263	0.000000	
DHN_COGEN_BIO_HYDROLYSIS	0.000000	0.000000	15.000000	0.000000	0.000000	1000000000000000.000000	0.000000	0.000000	1.000000	0.000000	0.850000	0.074944	0.000000	
DHN_COGEN_WASTE	0.000000	0.000000	25.000000	0.000000	0.000000	1000000000000000.000000	0.000000	0.000000	1.000000	0.000000	0.850000	0.048263	0.000000	
DHN_BOILER_GAS	0.000000	0.000000	17.000000	0.000000	0.000000	1000000000000000.000000	0.000000	0.000000	1.000000	0.000000	0.950000	0.067080	0.000000	
DHN_BOILER_WOOD	0.000000	0.000000	17.000000	0.000000	0.000000	1000000000000000.000000	0.000000	0.000000	1.000000	0.000000	0.900000	0.067080	0.000000	
DHN_BOILER_OIL	0.000000	0.000000	17.000000	0.000000	0.000000	1000000000000000.000000	0.000000	0.000000	1.000000	0.000000	0.950000	0.067080	0.000000	
DHN_DEEP_GEO	0.000000	0.000000	30.000000	0.000000	0.000000	0.000000	0.000000	0.000000	1.000000	0.000000	0.850000	0.041639	0.000000	
DHN_SOLAR	0.000000	0.000000	30.000000	0.000000	0.000000	1000000000000000.000000	0.000000	0.000000	1.000000	0.000000	1.000000	0.041639	0.000000	
DEC_HP_ELEC	13213.378661	550.927720	18.000000	0.000000	26.854253	1000000000000000.000000	0.000000	0.826350	1.000000	0.326911	1.000000	0.063806	4427.997725	
DEC_THHP_GAS	0.000000	0.000000	20.000000	0.000000	0.000000	0.000000	0.000000	0.000000	1.000000	0.000000	1.000000	0.058246	0.000000	
DEC_COGEN_GAS	0.000000	0.000000	20.000000	0.000000	0.000000	1000000000000000.000000	0.000000	0.000000	1.000000	0.000000	1.000000	0.058246	0.000000	
DEC_COGEN_OIL	0.000000	0.000000	20.000000	0.000000	0.000000	1000000000000000.000000	0.000000	0.000000	1.000000	0.000000	1.000000	0.058246	0.000000	
DEC_ADVCOGEN_GAS	0.000000	0.000000	20.000000	0.000000	0.000000	1000000000000000.000000	0.000000	0.000000	1.000000	0.000000	1.000000	0.058246	0.000000	
DEC_ADVCOGEN_H2	0.000000	0.000000	20.000000	0.000000	0.000000	1000000000000000.000000	0.000000	0.000000	1.000000	0.000000	1.000000	0.058246	0.000000	
DEC_BOILER_GAS	0.000000	0.000000	17.000000	0.000000	0.000000	1000000000000000.000000	0.000000	0.000000	1.000000	0.000000	1.000000	0.067080	0.000000	
DEC_BOILER_WOOD	2616.637051	91.558983	17.000000	0.000000	5.658324	1000000000000000.000000	0.000000	0.173650	1.000000	0.326035	1.000000	0.067080	119.334052	
DEC_BOILER_OIL	0.000000	0.000000	17.000000	0.000000	0.000000	1000000000000000.000000	0.000000	0.000000	1.000000	0.000000	1.000000	0.067080	0.000000	
DEC_SOLAR	0.000000	0.000000	20.000000	0.000000	0.000000	1000000000000000.000000	0.000000	0.000000	1.000000	0.000000	1.000000	0.058246	0.000000	
DEC_DIRECT_ELEC	0.000000	0.000000	15.000000	0.000000	0.000000	1000000000000000.000000	0.000000	0.000000	1.000000	0.000000	1.000000	0.074944	0.000000	
TRAMWAY_TROLLEY	6065.045566	121.300911	30.000000	0.000000	9.704073	1000000000000000.000000	0.000000	0.300000	0.300000	0.342466	0.342466	0.041639	0.000000	
BUS_COACH_DIESEL	0.000000	0.000000	15.000000	0.000000	0.000000	1000000000000000.000000	0.000000	0.000000	1.000000	0.000000	0.296804	0.074944	0.000000	
BUS_COACH_HYDIESEL	0.000000	0.000000	15.000000	0.000000	0.000000	1000000000000000.000000	0.000000	0.000000	1.000000	0.000000	0.296804	0.074944	0.000000	
BUS_COACH_CNG_STOICH	15966.102837	798.305142	15.000000	0.000000	26.126350	1000000000000000.000000	0.000000	0.700000	1.000000	0.296804	0.296804	0.074944	0.000000	
BUS_COACH_FC_HYBRIDH2	0.000000	0.000000	15.000000	0.000000	0.000000	1000000000000000.000000	0.000000	0.000000	1.000000	0.000000	0.296804	0.074944	0.000000	
TRAIN_PUB	0.000000	0.000000	40.000000	0.000000	0.000000	1000000000000000.000000	0.000000	0.000000	0.500000	0.000000	0.275073	0.033427	0.000000	
CAR_GASOLINE	0.000000	0.000000	10.000000	0.000000	0.000000	1000000000000000.000000	0.000000	0.000000	1.000000	0.000000	0.051370	0.108434	0.000000	
CAR_DIESEL	0.000000	0.000000	10.000000	0.000000	0.000000	1000000000000000.000000	0.000000	0.000000	1.000000	0.000000	0.051370	0.108434	0.000000	
CAR_NG	0.000000	0.000000	10.000000	0.000000	0.000000	1000000000000000.000000	0.000000	0.000000	1.000000	0.000000	0.051370	0.108434	0.000000	
CAR_HEV	0.000000	0.000000	10.000000	0.000000	0.000000	1000000000000000.000000	0.000000	0.000000	1.000000	0.000000	0.051370	0.108434	0.000000	
CAR_PHEV	0.000000	0.000000	10.000000	0.000000	0.000000	1000000000000000.000000	0.000000	0.000000	1.000000	0.000000	0.051370	0.108434	0.000000	
CAR_BEV	0.000000	0.000000	10.000000	0.000000	0.000000	1000000000000000.000000	0.000000	0.000000	1.000000	0.000000	0.051370	0.108434	0.000000	
CAR_FUEL_CELL	93757.314888	579.619919	10.000000	0.000000	215.646064	1000000000000000.000000	0.000000	1.000000	1.000000	0.051370	0.051370	0.108434	169497.806598	
TRAIN_FREIGHT	853.023830	17.060477	40.000000	0.000000	8.169507	1000000000000000.000000	0.000000	1.000000	1.000000	0.342466	0.342466	0.033427	0.000000	
BOAT_FREIGHT_DIESEL	0.000000	0.000000	40.000000	0.000000	0.000000	1000000000000000.000000	0.000000	0.000000	1.000000	0.000000	0.114155	0.033427	0.000000	
BOAT_FREIGHT_NG	2246.614378	112.330719	40.000000	0.000000	29.410225	1000000000000000.000000	0.000000	1.000000	1.000000	0.114155	0.114155	0.033427	0.000000	
TRUCK_DIESEL	0.000000	0.000000	15.000000	0.000000	0.000000	1000000000000000.000000	0.000000	0.000000	1.000000	0.000000	0.092593	0.074944	0.000000	
TRUCK_FUEL_CELL	0.000000	0.000000	15.000000	0.000000	0.000000	1000000000000000.000000	0.000000	0.000000	1.000000	0.000000	0.092593	0.074944	0.000000	
TRUCK_NG	20184.277307	1009.213866	15.000000	0.000000	54.388771	1000000000000000.000000	0.000000	1.000000	1.000000	0.092593	0.092593	0.074944	0.000000	
TRUCK_ELEC	0.000000	0.000000	15.000000	0.000000	0.000000	1000000000000000.000000	0.000000	0.000000	1.000000	0.000000	0.092593	0.074944	0.000000	
NON_ENERGY_NG	0.000000	0.000000	1.000000	0.000000	1.845721	1000000000000000.000000	0.000000	1.000000	1.000000	1.000000	1.000000	1.015000	0.000000	
NON_ENERGY_OIL	0.000000	0.000000	1.000000	0.000000	9.836057	1000000000000000.000000	0.000000	1.000000	1.000000	1.000000	1.000000	1.015000	0.000000	
PHS	382.200000	0.000000	50.000000	5.000000	6.500000	6.500000	0.000000	-1.000000	1.000000	0.008562	1.000000	0.028572	
BATT_LI	0.000000	0.000000	15.000000	0.000000	0.000000	1000000000000000.000000	0.000000	-1.000000	1.000000	0.000000	1.000000	0.074944	
BEV_BATT	0.000000	0.000000	1.000000	0.000000	0.000000	1000000000000000.000000	0.000000	-1.000000	1.000000	0.000000	1.000000	1.015000	
PHEV_BATT	0.000000	0.000000	1.000000	0.000000	0.000000	1000000000000000.000000	0.000000	-1.000000	1.000000	0.000000	1.000000	1.015000	
TS_DEC_HP_ELEC	454.445819	3.181121	20.000000	0.000000	23.953736	1000000000000000.000000	0.000000	-1.000000	1.000000	0.021208	1.000000	0.058246	
TS_DEC_DIRECT_ELEC	0.000000	0.000000	20.000000	0.000000	0.000000	1000000000000000.000000	0.000000	-1.000000	1.000000	0.000000	1.000000	0.058246	
TS_DHN_DAILY	0.000000	0.000000	40.000000	0.000000	0.000000	1000000000000000.000000	0.000000	-1.000000	1.000000	0.000000	1.000000	0.033427	
TS_DHN_SEASONAL	763.398014	4.182195	25.000000	0.000000	1413.700026	1000000000000000.000000	0.000000	-1.000000	1.000000	0.001207	1.000000	0.048263	
TS_DEC_THHP_GAS	0.000000	0.000000	20.000000	0.000000	0.000000	1000000000000000.000000	0.000000	-1.000000	1.000000	0.000000	1.000000	0.058246	
TS_DEC_COGEN_GAS	0.000000	0.000000	20.000000	0.000000	0.000000	1000000000000000.000000	0.000000	-1.000000	1.000000	0.000000	1.000000	0.058246	
TS_DEC_COGEN_OIL	0.000000	0.000000	20.000000	0.000000	0.000000	1000000000000000.000000	0.000000	-1.000000	1.000000	0.000000	1.000000	0.058246	
TS_DEC_ADVCOGEN_GAS	0.000000	0.000000	20.000000	0.000000	0.000000	1000000000000000.000000	0.000000	-1.000000	1.000000	0.000000	1.000000	0.058246	
TS_DEC_ADVCOGEN_H2	0.000000	0.000000	20.000000	0.000000	0.000000	1000000000000000.000000	0.000000	-1.000000	1.000000	0.000000	1.000000	0.058246	
TS_DEC_BOILER_GAS	0.000000	0.000000	20.000000	0.000000	0.000000	1000000000000000.000000	0.000000	-1.000000	1.000000	0.000000	1.000000	0.058246	
TS_DEC_BOILER_WOOD	12.213139	0.085492	20.000000	0.000000	0.643752	1000000000000000.000000	0.000000	-1.000000	1.000000	0.038442	1.000000	0.058246	
TS_DEC_BOILER_OIL	0.000000	0.000000	20.000000	0.000000	0.000000	1000000000000000.000000	0.000000	-1.000000	1.000000	0.000000	1.000000	0.058246	
TS_HIGH_TEMP	0.000000	0.000000	25.000000	0.000000	0.000000	1000000000000000.000000	0.000000	-1.000000	1.000000	0.000000	1.000000	0.048263	
SEASONAL_NG	0.000000	0.000000	50.000000	0.000000	0.000000	1000000000000000.000000	0.000000	-1.000000	1.000000	0.000000	1.000000	0.028572	
SEASONAL_H2	98.602849	6.212457	20.000000	0.000000	15.929378	1000000000000000.000000	0.000000	-1.000000	1.000000	0.041667	1.000000	0.058246	
CO2_STORAGE	0.000000	0.000000	30.000000	0.000000	0.000000	1000000000000000.000000	0.000000	-1.000000	1.000000	0.000000	1.000000	0.041639	
SLF_STO	0.000000	0.000000	20.000000	0.000000	0.000000	1000000000000000.000000	0.000000	-1.000000	1.000000	0.000000	1.000000	0.058246	
EFFICIENCY	3152.709360	0.000000	1.000000	0.000000	0.985222	1000000000000000.000000	0.000000	-1.000000	1.000000	0.000000	1.000000	1.015000	
DHN	9264.035240	0.000000	60.000000	0.000000	11.217134	1000000000000000.000000	0.000000	-1.000000	1.000000	0.000000	1.000000	0.025393	
GRID	87988.085139	0.000000	80.000000	0.000000	1.174442	1000000000000000.000000	0.000000	-1.000000	1.000000	0.000000	1.000000	0.021548	
MOTORWAYS	0.000000	0.000000	60.000000	0.000000	0.000000	1000000000000000.000000	0.000000	-1.000000	1.000000	0.000000	1.000000	0.025393	
ROADS	0.000000	0.000000	60.000000	0.000000	0.000000	1000000000000000.000000	0.000000	-1.000000	1.000000	0.000000	1.000000	0.025393	
RAILWAYS	0.000000	0.000000	60.000000	0.000000	0.000000	1000000000000000.000000	0.000000	-1.000000	1.000000	0.000000	1.000000	0.025393	
H2_ELECTROLYSIS	0.000000	0.000000	15.000000	0.000000	0.000000	1000000000000000.000000	0.000000	-1.000000	1.000000	0.000000	0.900000	0.074944	
H2_NG	2384.840864	220.075514	25.000000	0.000000	3.500717	1000000000000000.000000	0.000000	-1.000000	1.000000	0.860000	0.860000	0.048263	
H2_BIOMASS	0.000000	0.000000	25.000000	0.000000	0.000000	1000000000000000.000000	0.000000	-1.000000	1.000000	0.000000	0.860000	0.048263	
GASIFICATION_SNG	0.000000	0.000000	20.000000	0.000000	0.000000	1000000000000000.000000	0.000000	-1.000000	1.000000	0.000000	0.940000	0.058246	
PYROLYSIS	0.000000	0.000000	25.000000	0.000000	0.000000	0.000000	0.000000	-1.000000	1.000000	0.000000	0.920000	0.048263	
ATM_CCS	0.000000	0.000000	40.000000	0.000000	0.000000	1000000000000000.000000	0.000000	-1.000000	1.000000	0.000000	1.000000	0.033427	
INDUSTRY_CCS	0.000000	0.000000	40.000000	0.000000	0.000000	1000000000000000.000000	0.000000	-1.000000	1.000000	0.000000	1.000000	0.033427	
SYN_METHANOLATION	0.000000	0.000000	20.000000	0.000000	0.000000	1000000000000000.000000	0.000000	-1.000000	1.000000	0.000000	0.950000	0.058246	
SYN_METHANATION	0.000000	0.000000	40.000000	0.000000	0.000000	1000000000000000.000000	0.000000	-1.000000	1.000000	0.000000	1.000000	0.033427	
BIOMETHANATION	572.375774	7.928760	20.000000	0.000000	0.580475	1000000000000000.000000	0.000000	-1.000000	1.000000	0.850000	0.850000	0.058246	
BIO_HYDROLYSIS	0.000000	0.000000	15.000000	0.000000	0.000000	1000000000000000.000000	0.000000	-1.000000	1.000000	0.000000	0.850000	0.074944	
METHANE_TO_METHANOL	0.000000	0.000000	25.000000	0.000000	0.000000	1000000000000000.000000	0.000000	-1.000000	1.000000	0.000000	0.850000	0.048263	
SLF_TO_DIESEL	0.000000	0.000000	1.000000	0.000000	1000000000000000.000000	1000000000000000.000000	0.000000	-1.000000	1.000000	0.000000	1.000000	1.015000	
SLF_TO_GASOLINE	0.000000	0.000000	1.000000	0.000000	1000000000000000.000000	1000000000000000.000000	0.000000	-1.000000	1.000000	0.000000	1.000000	1.015000	
SLF_TO_LFO	0.000000	0.000000	1.000000	0.000000	1000000000000000.000000	1000000000000000.000000	0.000000	-1.000000	1.000000	0.000000	1.000000	1.015000	
SLF_biomass_gasif	0.000000	0.000000	25.000000	0.000000	0.000000	100000.000000	0.000000	-1.000000	1.000000	0.000000	0.961644	0.048263	
SLF_biomass_gasif_H2	0.000000	0.000000	25.000000	0.000000	0.000000	100000.000000	0.000000	-1.000000	1.000000	0.000000	0.961644	0.048263	
SLF_pyrolysis_upgrade_2	0.000000	0.000000	25.000000	0.000000	0.000000	1000000.000000	0.000000	-1.000000	1.000000	0.000000	0.930000	0.048263	
SLF_pyrolysis_upgrade_2b	0.000000	0.000000	25.000000	0.000000	0.000000	100000.000000	0.000000	-1.000000	1.000000	0.000000	0.930000	0.048263	
Cellulosic_ethanol	0.000000	0.000000	25.000000	0.000000	0.000000	100000.000000	0.000000	-1.000000	1.000000	0.000000	0.960000	0.048263	
GASIFICATION_SNG_H2	0.000000	0.000000	20.000000	0.000000	0.000000	1000000000000000.000000	0.000000	-1.000000	1.000000	0.000000	0.940000	0.058246	