Name	C_inv	C_maint	C_op
NUCLEAR	246.099621	205.861972	0.000000
CCGT	300.145603	157.504398	0.000000
COAL_US	0.000000	0.000000	0.000000
COAL_IGCC	0.000000	0.000000	0.000000
PV	925.146347	218.907714	0.000000
WIND_ONSHORE	433.047558	28.344231	0.000000
WIND_OFFSHORE	724.989017	33.508283	0.000000
HYDRO_RIVER	19.393261	5.801152	0.000000
GEOTHERMAL	0.000000	0.000000	0.000000
Biomass_power_only	0.000000	0.000000	0.000000
IND_COGEN_GAS	0.000000	0.000000	0.000000
IND_COGEN_WOOD	0.000000	0.000000	0.000000
IND_COGEN_WASTE	0.000000	0.000000	0.000000
IND_BOILER_GAS	0.000000	0.000000	0.000000
IND_BOILER_WOOD	8.318214	2.480100	0.000000
IND_BOILER_OIL	0.000000	0.000000	0.000000
IND_BOILER_COAL	26.803893	7.991661	0.000000
IND_BOILER_WASTE	14.303981	4.264775	0.000000
IND_DIRECT_ELEC	0.000000	0.000000	0.000000
DHN_HP_ELEC	186.645750	131.134291	0.000000
DHN_COGEN_GAS	0.000000	0.000000	0.000000
DHN_COGEN_WOOD	0.000000	0.000000	0.000000
DHN_COGEN_WET_BIOMASS	0.000000	0.000000	0.000000
DHN_COGEN_BIO_HYDROLYSIS	0.000000	0.000000	0.000000
DHN_COGEN_WASTE	0.000000	0.000000	0.000000
DHN_BOILER_GAS	0.000000	0.000000	0.000000
DHN_BOILER_WOOD	0.000000	0.000000	0.000000
DHN_BOILER_OIL	0.000000	0.000000	0.000000
DHN_DEEP_GEO	0.000000	0.000000	0.000000
DHN_SOLAR	0.000000	0.000000	0.000000
DEC_HP_ELEC	843.089955	550.927720	0.000000
DEC_THHP_GAS	0.000000	0.000000	0.000000
DEC_COGEN_GAS	0.000000	0.000000	0.000000
DEC_COGEN_OIL	0.000000	0.000000	0.000000
DEC_ADVCOGEN_GAS	0.000000	0.000000	0.000000
DEC_ADVCOGEN_H2	0.000000	0.000000	0.000000
DEC_BOILER_GAS	0.000000	0.000000	0.000000
DEC_BOILER_WOOD	175.523115	91.558983	0.000000
DEC_BOILER_OIL	0.000000	0.000000	0.000000
DEC_SOLAR	0.000000	0.000000	0.000000
DEC_DIRECT_ELEC	0.000000	0.000000	0.000000
TRAMWAY_TROLLEY	252.543574	121.300911	0.000000
BUS_COACH_DIESEL	0.000000	0.000000	0.000000
BUS_COACH_HYDIESEL	0.000000	0.000000	0.000000
BUS_COACH_CNG_STOICH	1196.569289	798.305142	0.000000
BUS_COACH_FC_HYBRIDH2	0.000000	0.000000	0.000000
TRAIN_PUB	0.000000	0.000000	0.000000
CAR_GASOLINE	0.000000	0.000000	0.000000
CAR_DIESEL	0.000000	0.000000	0.000000
CAR_NG	0.000000	0.000000	0.000000
CAR_HEV	0.000000	0.000000	0.000000
CAR_PHEV	0.000000	0.000000	0.000000
CAR_BEV	0.000000	0.000000	0.000000
CAR_FUEL_CELL	10166.497359	579.619919	0.000000
TRAIN_FREIGHT	28.514114	17.060477	0.000000
BOAT_FREIGHT_DIESEL	0.000000	0.000000	0.000000
BOAT_FREIGHT_NG	75.097807	112.330719	0.000000
TRUCK_DIESEL	0.000000	0.000000	0.000000
TRUCK_FUEL_CELL	0.000000	0.000000	0.000000
TRUCK_NG	1512.697657	1009.213866	0.000000
TRUCK_ELEC	0.000000	0.000000	0.000000
NON_ENERGY_NG	0.000000	0.000000	0.000000
NON_ENERGY_OIL	0.000000	0.000000	0.000000
PHS	10.920097	0.000000	0.000000
BATT_LI	0.000000	0.000000	0.000000
BEV_BATT	0.000000	0.000000	0.000000
PHEV_BATT	0.000000	0.000000	0.000000
TS_DEC_HP_ELEC	26.469531	3.181121	0.000000
TS_DEC_DIRECT_ELEC	0.000000	0.000000	0.000000
TS_DHN_DAILY	0.000000	0.000000	0.000000
TS_DHN_SEASONAL	36.844225	4.182195	0.000000
TS_DEC_THHP_GAS	0.000000	0.000000	0.000000
TS_DEC_COGEN_GAS	0.000000	0.000000	0.000000
TS_DEC_COGEN_OIL	0.000000	0.000000	0.000000
TS_DEC_ADVCOGEN_GAS	0.000000	0.000000	0.000000
TS_DEC_ADVCOGEN_H2	0.000000	0.000000	0.000000
TS_DEC_BOILER_GAS	0.000000	0.000000	0.000000
TS_DEC_BOILER_WOOD	0.711363	0.085492	0.000000
TS_DEC_BOILER_OIL	0.000000	0.000000	0.000000
TS_HIGH_TEMP	0.000000	0.000000	0.000000
SEASONAL_NG	0.000000	0.000000	0.000000
SEASONAL_H2	5.743195	6.212457	0.000000
CO2_STORAGE	0.000000	0.000000	0.000000
SLF_STO	0.000000	0.000000	0.000000
EFFICIENCY	3200.000000	0.000000	0.000000
DHN	235.245607	0.000000	0.000000
GRID	1895.995686	0.000000	0.000000
MOTORWAYS	0.000000	0.000000	0.000000
ROADS	0.000000	0.000000	0.000000
RAILWAYS	0.000000	0.000000	0.000000
H2_ELECTROLYSIS	0.000000	0.000000	0.000000
H2_NG	115.100657	220.075514	0.000000
H2_BIOMASS	0.000000	0.000000	0.000000
GASIFICATION_SNG	0.000000	0.000000	0.000000
PYROLYSIS	0.000000	0.000000	0.000000
ATM_CCS	0.000000	0.000000	0.000000
INDUSTRY_CCS	0.000000	0.000000	0.000000
SYN_METHANOLATION	0.000000	0.000000	0.000000
SYN_METHANATION	0.000000	0.000000	0.000000
BIOMETHANATION	33.338448	7.928760	0.000000
BIO_HYDROLYSIS	0.000000	0.000000	0.000000
METHANE_TO_METHANOL	0.000000	0.000000	0.000000
SLF_TO_DIESEL	0.000000	0.000000	0.000000
SLF_TO_GASOLINE	0.000000	0.000000	0.000000
SLF_TO_LFO	0.000000	0.000000	0.000000
SLF_biomass_gasif	0.000000	0.000000	0.000000
SLF_biomass_gasif_H2	0.000000	0.000000	0.000000
SLF_pyrolysis_upgrade_2	0.000000	0.000000	0.000000
SLF_pyrolysis_upgrade_2b	0.000000	0.000000	0.000000
Cellulosic_ethanol	0.000000	0.000000	0.000000
GASIFICATION_SNG_H2	0.000000	0.000000	0.000000
ELECTRICITY	0.000000	0.000000	1229.980686
GASOLINE	0.000000	0.000000	0.000000
DIESEL	0.000000	0.000000	0.000000
BIOETHANOL	0.000000	0.000000	0.000000
BIODIESEL	0.000000	0.000000	0.000000
LFO	0.000000	0.000000	4590.442993
NG	0.000000	0.000000	8134.267350
SLF	0.000000	0.000000	0.000000
SNG	0.000000	0.000000	0.000000
WET_BIOMASS	0.000000	0.000000	83.269710
COAL	0.000000	0.000000	588.978978
URANIUM	0.000000	0.000000	155.838404
WASTE	0.000000	0.000000	410.839255
H2	0.000000	0.000000	0.000000
ELEC_EXPORT	0.000000	0.000000	0.000000
CO2_EMISSIONS	0.000000	0.000000	0.000000
RES_WIND	0.000000	0.000000	0.000000
RES_SOLAR	0.000000	0.000000	0.000000
RES_HYDRO	0.000000	0.000000	0.000000
RES_GEO	0.000000	0.000000	0.000000
CO2_ATM	0.000000	0.000000	0.000000
CO2_INDUSTRY	0.000000	0.000000	0.000000
CO2_CAPTURED	0.000000	0.000000	0.000000
WOOD	0.000000	0.000000	0.000000
WOOD1	0.000000	0.000000	286.824000
WOOD2	0.000000	0.000000	0.000000
WOOD3	0.000000	0.000000	145.467660
WOOD4	0.000000	0.000000	124.896198
WOOD5	0.000000	0.000000	0.000000
WOOD6	0.000000	0.000000	0.000000
WOOD7	0.000000	0.000000	0.000000
WOOD8	0.000000	0.000000	0.000000
WOOD9	0.000000	0.000000	0.000000
WOOD10	0.000000	0.000000	0.000000
